250 5 1300
22 40 6
32 55 3
26 78 5
16 79 1
32 37 4
24 15 7
37 29 9
8 24 8
11 13 5
23 68 8
16 52 4
13 55 5
33 53 9
37 72 9
17 51 9
10 64 7
2 58 1
9 69 8
39 24 3
38 34 8
2 65 5
26 6 2
10 50 7
19 27 2
5 26 10
24 62 5
8 41 2
20 29 1
18 75 9
22 18 10
40 13 8
11 16 3
7 61 2
22 46 9
17 60 7
1 79 10
36 19 4
12 69 1
29 56 1
16 7 1
32 15 2
39 70 4
8 36 8
29 34 5
15 49 9
13 1 1
31 27 9
3 55 4
16 48 5
7 65 9
27 30 5
28 28 9
31 12 3
40 35 7
37 13 1
4 25 7
32 43 3
20 73 3
2 26 2
19 4 5
6 36 7
20 35 1
34 65 8
12 7 3
21 31 9
32 44 8
24 1 7
28 38 5
22 66 8
15 18 4
30 65 1
13 17 7
37 15 2
28 27 7
19 45 4
33 62 3
26 58 1
25 67 7
6 8 3
38 8 2
38 78 8
36 50 3
25 22 10
35 68 6
38 13 10
32 3 5
22 47 6
34 9 3
19 79 4
29 15 4
3 49 6
6 68 10
1 28 2
33 63 1
9 33 4
33 6 8
29 16 2
5 40 8
33 11 3
20 42 7
6 73 5
1 4 9
20 9 4
8 33 2
11 29 6
31 42 7
26 71 6
9 59 8
31 51 8
40 8 2
34 25 5
13 59 6
29 42 4
31 57 3
20 40 5
39 57 10
37 71 1
1 56 9
36 24 9
28 47 4
12 30 4
23 78 8
22 7 1
39 7 10
26 6 1
33 13 1
34 79 10
12 51 2
8 63 2
11 72 6
3 20 5
37 10 5
18 65 1
36 49 8
40 41 8
28 38 7
8 7 1
40 53 7
23 41 3
19 79 1
38 63 2
5 39 7
40 62 6
40 9 10
10 39 7
33 79 9
31 42 10
39 77 2
14 45 2
36 64 5
22 22 2
34 52 2
16 58 10
6 61 7
23 65 3
31 49 9
16 33 6
23 64 6
28 15 1
17 58 3
21 64 5
4 76 10
19 9 10
21 20 9
25 31 8
6 17 9
5 12 6
19 37 1
28 32 5
13 19 8
7 40 5
12 14 2
37 58 3
36 59 10
40 70 1
25 79 10
29 13 3
34 62 4
24 62 6
36 24 4
36 5 2
2 47 6
8 69 8
27 61 8
15 59 8
13 15 4
5 17 7
8 65 5
21 78 2
31 22 10
19 25 4
23 50 6
27 47 2
33 29 6
16 14 4
37 52 5
5 24 3
39 42 3
27 25 9
34 9 3
32 27 10
17 76 2
32 53 3
19 66 4
23 34 4
5 38 7
8 17 6
25 76 1
26 19 1
40 6 3
14 26 7
16 6 7
13 14 8
31 29 7
9 18 3
33 71 3
27 35 8
34 8 9
24 6 6
35 37 2
9 6 3
27 44 7
4 13 2
10 41 5
3 60 9
1 33 9
31 28 4
1 39 6
17 10 8
12 25 7
24 48 7
31 25 8
7 35 5
20 7 9
1 57 9
37 40 2
31 42 2
38 28 10
20 73 1
33 56 8
30 5 7
39 6 7
2 56 2
16 36 4
11 4 8
37 56 8
26 39 1
38 38 8
6 57 3
19 13 4
