200 40 160
36 17 3
16 2 4
2 10 8
36 39 9
21 27 1
26 37 9
24 29 6
5 6 8
12 63 6
10 43 8
29 20 2
8 34 4
27 7 5
17 17 7
11 27 8
23 71 5
20 52 5
17 51 7
9 9 2
3 27 1
19 45 6
3 70 9
8 29 7
14 18 3
35 45 1
11 21 8
33 35 2
22 43 4
8 11 10
16 59 4
22 11 3
3 54 8
23 37 8
14 16 8
11 28 2
8 2 6
8 80 3
32 46 3
4 25 7
12 29 8
38 65 3
29 72 2
37 3 4
30 13 5
6 20 3
10 52 4
21 52 1
28 67 10
18 32 4
37 53 3
39 52 3
30 6 8
22 33 3
37 66 1
37 69 6
32 32 7
18 67 4
14 33 4
12 42 1
1 64 8
4 23 2
37 78 6
9 16 2
9 6 7
26 62 8
17 36 7
2 13 7
10 77 10
3 76 1
23 6 9
9 1 4
31 66 8
13 78 6
35 70 10
37 54 7
10 71 4
17 70 4
22 42 4
29 50 7
2 80 10
4 47 10
7 45 3
21 78 8
21 54 7
18 8 10
14 62 10
20 59 6
27 53 1
29 58 8
21 13 7
35 75 9
33 64 8
17 60 6
18 55 6
23 41 5
27 43 5
3 62 5
31 74 3
23 62 4
34 15 10
38 24 7
26 36 10
29 49 5
22 49 7
40 25 7
40 48 2
10 50 7
30 28 3
23 63 4
35 34 9
13 48 7
39 25 5
5 74 8
27 13 8
35 61 6
10 71 7
38 33 1
13 20 8
19 24 5
33 60 10
13 50 10
20 50 2
19 8 8
32 54 6
5 65 3
20 5 4
34 1 7
34 50 6
27 43 2
5 5 8
7 52 4
6 9 6
29 72 2
38 40 4
19 25 9
39 57 10
20 32 4
27 62 10
10 31 4
38 11 5
19 64 1
15 60 1
6 64 3
12 42 3
32 39 10
28 49 9
26 73 6
40 20 1
1 63 6
9 2 1
38 77 6
33 59 1
30 42 2
17 51 4
14 23 6
5 6 1
18 30 10
12 24 2
22 51 4
14 48 9
5 22 9
17 55 4
25 71 8
7 18 8
4 34 6
29 35 6
10 60 6
7 57 3
15 67 6
9 8 5
37 20 6
15 70 10
3 63 9
3 21 9
29 59 2
33 73 2
21 1 4
9 8 7
40 25 4
25 77 8
39 71 7
6 10 4
36 48 9
14 33 8
19 71 9
1 66 6
24 45 7
10 71 5
31 75 3
15 62 1
9 28 5
2 1 5
12 55 7
34 59 7
20 32 7
18 67 9
22 2 2
25 11 5
9 13 7
28 65 9
