200 10 160
25 46 6
25 37 10
16 22 2
26 11 7
25 72 2
36 32 2
8 33 6
31 36 5
4 65 10
16 26 8
34 61 5
2 41 6
20 42 5
15 34 1
25 57 3
10 42 4
5 59 3
24 32 10
34 69 5
14 20 5
16 56 9
24 60 5
24 5 7
10 41 5
14 73 5
23 68 4
17 28 2
32 68 8
34 79 10
1 16 6
38 8 9
28 66 9
18 59 3
25 25 5
20 17 4
37 53 9
36 67 7
15 37 6
35 70 3
26 49 3
29 15 4
5 56 7
10 32 7
22 47 1
30 69 8
38 50 3
18 22 7
5 61 3
21 54 8
20 76 1
17 76 5
10 38 6
14 72 1
22 44 3
29 11 6
5 3 8
20 36 1
27 38 4
34 54 4
36 54 8
1 75 1
20 80 9
20 13 7
7 19 3
34 40 5
37 55 1
36 50 8
39 62 2
21 10 1
40 17 5
25 53 10
36 31 5
40 34 5
29 3 6
20 79 1
24 27 3
10 30 2
21 20 1
21 48 1
6 50 4
13 31 10
24 26 3
26 54 7
7 3 7
14 66 10
33 13 5
32 41 3
5 72 10
34 62 1
24 23 3
20 49 10
26 6 6
34 16 6
32 18 9
3 44 2
19 35 7
3 51 7
26 25 9
21 37 8
30 65 1
27 46 9
25 76 7
38 77 5
6 15 5
18 75 1
19 18 6
38 64 2
40 53 4
28 69 10
7 31 7
1 29 10
2 80 5
14 22 9
29 26 4
40 22 3
35 59 8
31 20 5
37 28 6
25 71 2
11 4 2
30 47 5
21 1 1
13 22 10
15 66 2
34 68 10
28 22 10
23 37 6
28 16 2
12 37 2
5 65 8
7 59 4
21 4 3
21 32 7
4 14 2
3 57 6
7 25 2
15 39 4
31 31 7
27 78 6
10 10 3
38 66 10
3 26 8
23 74 1
3 70 10
5 57 7
12 32 2
18 71 7
14 68 7
27 59 1
23 10 8
18 11 1
6 9 1
17 22 6
30 47 5
24 27 6
33 15 3
18 14 5
26 16 1
35 1 3
16 71 7
11 59 6
9 80 6
21 22 7
33 76 8
26 5 4
1 64 3
19 27 7
3 15 9
28 19 4
6 55 9
25 64 8
16 21 4
30 72 9
31 79 1
14 15 4
9 57 9
2 72 7
15 47 8
38 35 3
31 44 7
13 13 6
2 36 5
31 15 2
27 72 5
11 21 8
11 59 3
36 1 2
26 18 7
36 32 1
37 9 5
28 6 2
10 47 6
26 48 5
30 47 9
11 26 9
1 24 6
16 14 9
20 23 8
18 46 9
38 25 6
