250 5 1300
40 32 1
15 78 6
33 23 7
9 46 6
18 68 5
39 42 6
15 38 2
20 32 7
10 17 8
27 75 1
38 56 8
13 5 9
32 34 8
32 7 8
24 70 6
2 28 1
6 5 2
12 74 5
6 31 2
17 4 3
3 64 10
10 44 10
29 80 8
14 39 1
17 3 6
9 24 3
39 18 3
34 26 5
20 52 10
35 41 4
28 62 9
39 20 3
33 30 7
36 25 6
31 54 2
37 40 2
10 4 9
36 72 1
4 23 1
26 72 9
33 54 1
15 56 9
38 26 1
23 3 4
15 51 9
37 73 6
16 44 5
29 6 9
24 61 1
30 14 1
34 79 1
28 69 7
11 64 1
18 75 7
30 3 2
29 40 5
26 38 10
39 21 3
29 22 4
37 38 1
17 35 9
38 26 10
9 68 3
6 5 3
31 53 3
30 42 9
30 19 4
18 25 10
4 32 2
3 44 3
5 53 6
34 6 9
26 79 6
31 13 3
2 9 8
22 11 10
33 55 6
8 48 5
18 67 1
30 14 10
38 4 1
1 28 9
38 43 5
13 57 9
16 22 7
9 13 10
14 37 6
4 74 2
20 36 6
2 15 6
17 79 8
21 40 10
4 9 5
23 27 4
11 51 2
10 40 9
30 47 10
24 5 1
35 5 4
27 56 10
16 66 6
30 71 10
12 10 7
30 62 3
6 18 9
11 55 10
24 34 8
2 11 5
32 33 10
5 33 5
15 26 1
2 75 5
29 14 8
31 20 9
18 35 5
1 40 10
18 46 5
18 54 7
1 14 2
6 76 7
16 16 6
4 71 2
30 55 4
19 35 5
9 52 10
21 1 9
4 38 7
28 13 6
5 34 3
15 67 6
5 56 1
33 20 5
40 65 10
20 23 10
9 16 7
35 43 10
30 69 9
32 59 2
9 21 10
16 31 8
34 1 3
24 30 7
17 67 5
38 39 8
31 76 6
3 8 2
6 13 5
35 31 7
22 48 8
37 36 7
23 76 4
17 22 1
9 55 4
17 44 8
28 44 3
15 75 7
30 48 1
26 55 1
18 2 7
28 5 1
20 75 6
35 41 6
36 44 9
10 69 10
19 32 4
28 54 1
31 35 10
11 55 5
18 1 2
23 12 2
32 51 5
40 10 5
22 62 9
23 75 7
1 35 8
38 30 8
9 9 2
16 39 3
21 22 3
32 27 10
31 31 3
19 9 8
29 13 1
14 51 9
19 20 6
23 51 6
12 27 9
30 48 2
20 65 4
10 58 5
11 31 10
37 45 7
25 14 5
1 46 5
17 46 2
20 2 9
20 54 6
20 79 1
4 7 6
38 72 3
18 51 8
34 42 6
10 42 6
19 29 4
9 58 6
31 40 10
17 34 7
39 58 2
31 75 8
31 66 3
23 48 1
18 54 6
27 80 5
31 40 5
32 15 10
6 55 5
31 27 9
11 61 7
13 40 8
34 29 1
38 79 10
22 56 1
27 28 1
3 75 4
35 56 8
31 74 7
26 71 2
4 31 2
36 41 6
5 42 4
2 12 6
3 4 3
40 22 9
23 73 7
6 52 1
16 70 7
23 11 4
4 44 2
7 1 10
11 6 1
21 70 5
24 57 5
17 12 4
10 47 2
28 6 7
26 24 7
9 7 8
14 40 1
26 57 1
6 46 7
