400 5 2000
28 44 7
21 9 8
24 47 6
7 14 5
27 10 2
15 58 8
7 56 6
23 25 2
8 78 4
37 28 5
12 2 7
23 61 6
27 48 10
27 4 4
16 38 2
15 55 5
32 23 5
32 54 9
5 30 2
3 48 5
34 38 9
33 18 5
13 12 8
35 65 6
35 41 10
22 44 6
3 50 3
13 60 9
23 44 5
16 60 7
16 75 1
26 78 10
32 71 9
30 20 9
40 17 10
3 42 1
21 63 5
17 7 9
3 25 7
21 7 2
40 10 10
14 9 1
2 19 6
16 43 1
6 80 2
12 12 8
17 24 6
31 11 10
4 15 7
33 45 8
1 16 1
4 13 2
23 50 10
20 15 4
13 23 5
1 54 10
10 65 8
3 13 10
17 51 3
15 28 8
23 41 3
20 14 10
23 27 8
26 61 5
27 77 8
5 29 3
37 19 3
6 80 8
24 37 6
24 49 1
37 58 2
33 21 2
24 7 9
38 26 2
11 32 3
38 54 1
39 66 1
25 77 6
21 63 5
36 30 10
7 6 4
17 71 3
19 75 7
4 29 4
14 12 7
16 56 3
8 28 2
13 33 5
10 64 1
32 44 9
19 16 7
30 16 10
5 75 3
34 79 6
10 16 7
2 37 5
19 64 5
29 12 7
13 72 5
30 59 5
6 35 10
14 17 5
9 30 8
30 5 9
9 51 8
15 71 5
16 41 4
12 33 1
18 19 5
37 21 10
9 74 2
33 53 5
8 18 5
25 68 4
17 63 7
16 76 3
13 3 5
1 76 4
31 5 8
26 78 3
9 23 9
10 62 5
10 55 4
21 60 4
18 76 3
33 27 9
10 79 5
4 73 1
11 64 6
30 74 7
37 8 10
39 48 6
36 80 10
17 63 8
14 8 3
9 16 4
28 25 6
1 58 1
25 69 1
14 16 8
11 34 2
15 42 3
26 62 8
30 49 7
1 30 4
30 13 8
36 63 5
19 72 1
29 3 8
9 22 10
12 4 3
9 57 10
23 56 5
27 52 6
32 50 8
9 22 1
15 39 6
37 8 1
17 12 4
13 12 10
13 24 7
21 2 5
39 53 7
32 62 5
35 10 9
10 64 7
13 36 5
30 37 9
23 17 10
10 34 4
21 9 4
8 36 6
10 78 10
16 38 3
31 31 9
19 56 1
40 49 5
23 26 4
15 53 6
3 31 6
30 14 7
16 16 5
24 11 9
16 30 4
21 50 10
24 69 5
38 61 2
7 29 4
22 45 4
6 26 3
25 64 3
30 78 2
31 50 8
32 34 4
15 64 3
38 36 10
37 27 2
7 77 5
23 46 8
21 63 2
15 53 8
33 63 10
23 66 9
5 7 9
22 35 8
10 41 9
14 41 2
9 18 2
10 7 9
8 21 3
1 56 2
22 7 4
25 67 10
30 25 10
3 36 9
31 12 8
5 48 1
28 41 7
38 70 9
1 39 7
38 38 8
36 40 5
27 64 6
23 61 9
21 28 2
2 11 10
27 42 7
33 37 5
16 44 1
29 71 8
18 80 9
19 36 1
33 56 6
14 68 7
33 28 9
22 17 10
39 31 1
7 7 6
20 24 4
17 40 8
8 76 1
34 76 1
3 29 7
33 59 6
25 67 5
12 13 5
8 74 1
40 59 8
18 22 9
29 74 4
30 38 4
21 32 9
38 64 2
20 59 3
38 57 9
16 79 3
17 39 4
1 51 1
27 57 9
36 61 8
16 66 6
19 28 2
21 29 2
7 28 3
25 67 1
30 26 8
39 69 1
9 39 5
24 29 4
9 68 9
38 15 3
26 24 10
1 18 2
38 68 3
38 39 2
38 65 7
6 75 3
14 45 10
6 4 10
36 74 1
26 3 1
35 31 7
3 56 7
21 60 7
5 53 9
14 30 1
10 70 10
19 67 2
29 32 10
9 9 1
4 4 9
15 79 3
3 18 3
6 57 7
38 22 2
7 6 4
4 15 1
25 24 10
38 27 9
40 27 4
29 25 2
22 57 2
20 19 3
20 64 10
20 12 10
5 42 5
12 19 7
35 69 4
35 9 10
4 40 1
6 8 4
7 60 7
17 30 10
6 7 3
5 44 2
36 75 10
14 44 8
2 60 2
15 58 10
30 31 4
12 60 5
35 28 9
1 43 7
12 46 1
38 14 6
39 13 7
17 15 9
11 31 3
7 56 8
28 63 3
38 38 5
2 34 8
34 42 3
40 14 4
24 65 10
40 8 2
2 10 5
24 10 10
5 5 7
17 15 3
5 37 3
20 33 8
3 41 4
33 11 3
29 67 8
22 5 1
12 43 2
27 11 4
20 56 3
28 13 6
23 66 2
11 63 3
20 60 8
4 66 1
28 30 5
11 28 3
18 14 5
6 19 8
21 61 8
38 23 1
5 37 5
34 73 1
5 27 9
5 10 9
39 40 3
2 23 10
19 38 7
24 51 8
12 7 3
35 65 10
12 58 8
33 7 6
40 71 2
3 34 2
32 32 9
21 69 5
7 59 2
3 8 9
15 6 9
15 40 9
14 10 4
32 24 10
6 38 9
20 48 4
13 40 10
40 53 9
27 78 1
9 21 3
35 39 10
34 52 5
23 10 2
2 67 2
27 55 6
7 79 7
26 70 1
5 40 4
13 80 6
13 63 9
12 76 4
16 71 7
