1000 129 355
32 8 4
13 43 7
16 36 8
34 12 2
11 70 5
24 24 1
6 30 10
36 26 6
34 62 4
29 43 7
7 19 8
19 23 7
20 6 7
25 79 10
18 62 10
30 40 7
32 70 9
31 51 5
16 69 10
31 44 9
11 37 6
29 33 3
33 26 3
16 36 6
4 25 2
5 36 2
25 32 5
39 52 1
40 41 4
8 57 8
25 9 4
17 55 7
37 42 6
17 25 5
31 32 10
13 64 10
4 54 4
17 70 5
22 67 10
21 58 2
17 25 2
19 62 10
38 71 6
26 66 10
32 76 4
11 19 5
3 40 10
15 14 10
38 24 7
13 24 7
24 69 6
30 9 2
6 64 1
34 26 8
8 43 1
11 71 1
19 33 1
22 75 10
5 57 4
33 15 6
2 70 5
14 55 6
22 1 8
7 6 8
25 54 7
16 43 4
16 49 4
8 30 6
32 80 8
15 20 10
9 26 6
16 5 4
15 3 2
26 65 2
14 41 5
13 41 3
28 43 7
32 70 8
26 13 10
23 47 3
32 59 8
40 9 10
38 68 6
16 4 7
24 18 2
40 40 1
31 57 5
24 53 5
27 52 4
26 40 9
25 13 5
30 21 4
40 78 8
14 38 10
12 6 1
12 60 1
32 35 8
9 69 1
29 41 6
21 31 8
9 2 3
29 79 7
7 49 7
4 55 1
28 9 7
16 28 6
16 25 2
16 23 2
10 68 10
4 75 2
27 37 10
17 13 9
21 48 7
25 66 1
18 24 6
36 7 1
24 48 2
13 49 8
16 13 4
27 57 7
27 48 8
5 56 8
35 64 6
5 8 2
33 58 7
18 64 1
18 16 4
35 30 4
39 22 9
21 64 7
33 25 10
21 30 3
40 27 9
9 66 1
35 34 1
36 31 4
17 24 5
29 55 2
23 15 8
16 71 4
11 59 7
7 14 9
8 15 2
8 13 3
27 28 1
19 54 10
17 1 4
7 58 1
13 4 3
28 64 3
6 56 5
7 8 8
40 4 6
23 74 9
34 16 7
5 37 5
18 63 4
27 35 2
39 30 8
21 11 10
25 50 5
21 73 6
8 2 10
28 33 1
26 32 3
16 56 1
16 7 1
35 23 8
31 12 3
9 78 10
23 15 5
6 63 6
9 17 9
26 44 10
8 77 1
11 62 6
17 76 8
14 24 10
12 79 3
18 8 2
1 59 5
3 39 2
18 52 5
20 12 1
17 30 9
18 45 7
32 51 6
37 2 3
32 2 2
17 50 10
2 56 1
13 72 6
2 23 8
36 50 1
13 37 3
12 6 7
29 48 5
38 35 7
36 52 1
1 8 8
30 3 3
32 64 4
14 16 7
32 4 1
30 44 2
22 60 5
6 41 3
1 25 9
28 9 9
35 72 3
22 22 9
33 44 5
7 44 8
28 37 8
14 78 4
20 59 3
39 66 6
35 8 6
38 42 10
9 60 4
5 31 5
37 51 2
28 12 8
24 4 7
8 65 8
22 56 3
25 48 8
16 55 3
39 72 5
17 62 1
18 46 5
25 41 6
26 4 10
37 23 10
12 22 6
12 2 3
7 25 10
32 54 3
31 16 4
20 44 8
20 38 1
5 16 1
21 60 6
40 80 3
36 27 3
24 57 9
28 52 7
16 74 1
33 73 4
33 35 7
25 9 8
4 69 1
7 11 3
15 64 6
6 27 9
17 62 3
28 60 10
39 68 1
37 47 4
27 25 6
33 56 9
6 57 9
23 75 8
8 6 9
15 8 8
26 75 7
33 3 2
3 40 5
26 1 10
6 38 1
11 17 2
32 71 4
19 1 7
22 7 5
25 33 2
7 52 10
28 39 7
5 42 7
2 77 6
25 52 3
3 25 10
4 32 8
12 76 1
24 62 7
19 22 5
18 6 2
14 46 10
17 52 5
36 43 10
33 15 7
35 80 7
17 73 1
12 33 8
24 29 8
35 20 8
21 70 10
30 34 9
32 12 7
12 34 10
21 25 10
11 47 6
17 42 5
21 59 2
36 64 8
25 14 3
22 22 4
17 51 9
14 46 8
14 68 9
22 15 3
12 42 5
27 26 4
22 64 9
21 47 8
11 9 5
27 22 2
32 78 4
34 64 4
33 63 4
31 43 2
36 64 6
38 32 9
24 26 10
13 50 7
27 7 1
18 67 7
8 9 7
20 55 1
3 42 8
8 46 10
26 53 7
17 49 8
24 67 4
40 38 6
37 9 8
32 2 9
3 31 10
30 23 3
23 14 7
14 18 4
8 40 5
15 62 4
30 37 1
34 44 6
9 10 9
37 50 2
40 3 9
2 62 3
38 60 6
1 51 8
7 68 4
4 7 6
37 31 10
32 42 2
30 54 2
31 6 10
1 56 2
3 46 1
23 68 3
31 41 2
33 35 4
19 76 2
40 25 3
17 57 6
22 7 7
39 65 1
35 80 5
34 16 8
13 76 8
31 69 3
29 67 6
19 13 7
35 34 4
24 23 7
9 24 1
23 8 7
1 15 2
40 68 6
17 14 9
37 16 3
25 19 9
35 71 4
1 77 6
22 41 2
28 58 3
7 76 4
28 45 9
36 75 4
22 76 6
6 18 6
23 59 9
21 78 5
27 21 3
32 24 5
27 7 9
33 65 10
40 22 3
13 53 6
13 68 2
29 26 8
33 9 2
10 48 9
17 20 6
32 47 6
30 75 4
21 46 8
25 64 2
1 46 7
12 61 5
10 69 1
17 12 7
38 17 3
22 48 8
10 33 3
1 4 2
21 55 8
37 39 9
37 69 3
40 55 1
31 38 3
21 61 8
28 26 1
8 9 4
17 37 7
14 50 10
19 77 5
7 30 5
31 77 9
2 76 6
7 48 2
12 70 1
3 30 1
21 7 9
26 33 3
24 25 8
35 33 4
9 37 6
4 45 4
40 72 7
39 58 7
34 34 5
9 75 9
3 34 10
24 59 5
40 68 5
4 13 10
10 7 5
11 17 6
2 56 4
18 63 9
6 51 1
20 2 9
26 23 5
34 31 1
18 54 2
7 55 2
5 29 2
40 47 7
40 38 5
20 26 1
40 9 4
11 54 3
13 57 7
2 15 1
20 8 6
23 10 3
13 48 4
12 7 5
37 7 4
19 2 7
38 47 8
22 38 9
37 74 5
15 18 10
3 71 8
32 59 8
23 58 8
25 49 4
7 63 2
39 57 9
1 33 3
24 72 4
20 72 2
21 44 4
37 36 3
6 66 1
24 70 7
9 31 4
21 66 10
23 47 1
9 69 6
31 37 1
23 21 1
14 13 5
31 15 6
10 27 6
37 22 4
18 59 2
17 34 8
16 8 4
6 45 9
35 43 2
16 44 1
12 62 8
4 38 4
34 61 8
19 80 9
13 79 3
34 50 3
5 20 2
31 14 5
26 51 5
33 5 6
36 13 1
20 10 2
30 14 6
28 26 3
6 67 10
9 3 9
16 43 8
1 71 5
30 49 9
9 52 1
30 15 9
27 62 2
19 16 2
30 39 2
5 50 3
40 38 3
3 31 5
19 46 1
5 65 10
9 69 10
24 34 7
37 58 3
27 13 4
21 56 4
8 48 4
28 70 2
38 37 6
24 3 10
19 61 6
16 68 4
26 52 5
15 45 10
23 22 8
33 29 1
27 16 9
24 24 5
3 1 1
15 22 3
18 20 6
2 42 2
34 45 7
27 45 1
37 60 1
6 32 4
32 54 5
3 13 10
6 25 1
11 1 2
19 26 4
28 37 1
16 74 9
18 45 7
7 27 6
13 80 1
28 62 1
23 55 6
35 35 2
27 45 8
25 70 5
3 16 10
5 34 5
27 17 1
8 55 3
6 8 2
30 16 9
21 46 6
17 71 2
7 35 9
27 65 5
27 45 4
30 79 3
15 45 4
35 12 10
3 77 7
7 79 10
2 67 5
22 36 9
34 18 8
18 62 5
25 18 10
10 75 10
40 65 10
16 77 5
14 75 6
35 26 2
24 31 6
22 2 3
32 58 8
17 39 3
36 2 3
8 61 8
37 15 6
26 44 4
2 37 1
9 37 5
23 34 3
32 56 2
11 79 5
34 64 1
27 17 6
30 53 4
8 74 8
22 11 1
39 43 3
15 12 8
35 58 8
34 42 5
40 18 9
17 1 5
19 46 3
31 18 8
38 60 4
26 20 6
31 13 2
6 29 2
33 38 3
3 69 10
5 34 8
18 16 6
34 39 5
29 25 2
19 66 6
8 42 1
33 18 8
21 64 7
16 20 4
3 76 3
31 19 7
26 30 8
1 15 1
35 9 5
30 28 1
25 28 5
21 61 4
18 68 4
40 23 10
14 12 4
17 38 4
34 49 7
23 47 1
31 31 4
24 58 9
13 32 5
29 22 7
20 48 4
24 65 1
3 60 4
36 31 5
36 40 6
39 26 6
35 37 4
1 55 5
22 14 10
5 61 5
31 27 2
4 53 9
35 4 1
4 48 3
11 47 10
25 8 6
28 33 2
13 29 5
18 11 5
14 74 8
36 35 10
8 68 10
20 28 10
18 13 2
1 1 5
20 13 8
11 61 4
26 58 8
26 63 9
17 60 5
35 22 2
33 4 8
33 76 10
38 27 1
29 26 5
33 70 7
19 73 9
3 34 7
35 67 9
37 49 3
7 52 6
24 33 3
39 70 5
31 63 2
15 75 5
11 28 7
11 1 8
26 50 3
18 54 10
40 43 4
13 19 1
18 50 5
25 62 2
18 44 10
30 52 4
38 46 10
8 60 10
4 3 3
16 20 5
5 62 4
37 54 2
4 62 5
20 46 3
9 66 5
11 39 3
7 26 9
25 69 6
1 8 10
7 9 9
15 64 8
39 68 2
22 15 1
13 34 4
15 40 8
11 2 2
24 72 1
30 55 10
15 73 6
18 63 1
31 48 6
36 79 6
33 17 6
29 24 5
17 47 9
17 1 8
14 14 6
22 8 5
14 15 10
20 29 1
13 21 10
15 35 6
13 23 4
8 4 4
20 41 7
7 14 6
31 55 6
39 16 9
34 8 4
22 73 10
21 37 8
4 1 5
36 54 1
27 78 8
17 60 1
4 43 1
29 37 3
4 36 2
16 56 2
9 21 10
29 29 3
10 68 7
35 6 4
10 12 3
21 17 5
23 64 1
2 67 2
3 44 10
34 70 7
19 23 3
38 40 7
12 64 8
34 37 10
39 61 7
21 66 3
34 62 3
34 55 1
32 2 9
7 24 7
40 71 7
34 2 9
13 9 1
8 28 3
15 80 3
34 71 3
37 7 3
12 40 3
14 52 10
2 59 9
22 23 1
34 31 3
18 45 10
23 62 2
31 24 8
20 63 10
15 15 2
22 15 5
16 55 10
34 15 10
34 49 4
17 22 5
33 60 1
16 66 1
7 8 8
9 31 9
7 16 7
17 29 2
34 76 10
12 75 10
35 29 2
35 29 2
10 39 6
13 13 5
26 64 9
26 71 2
24 66 9
34 22 4
11 76 6
15 15 3
11 54 1
37 62 4
34 63 5
11 39 2
24 65 8
13 35 2
29 36 1
19 20 4
1 46 10
12 74 8
29 2 3
31 49 8
30 80 9
37 28 6
35 34 9
16 17 5
1 64 2
39 27 9
2 8 6
16 18 1
35 21 2
23 19 7
35 39 3
6 44 1
25 21 5
30 63 2
28 68 5
39 41 5
12 80 10
2 68 10
7 39 6
33 77 6
32 28 6
21 68 5
5 72 10
11 43 1
25 45 3
2 12 5
33 71 6
25 20 5
35 64 6
3 70 3
37 67 6
40 64 3
22 31 5
40 71 10
10 6 9
3 33 9
17 13 8
17 22 4
40 60 4
27 46 2
11 72 8
34 35 5
14 28 1
29 55 4
2 43 2
36 69 4
32 80 4
12 75 8
33 58 10
19 67 5
36 43 1
38 60 4
36 61 9
30 25 8
35 78 6
16 29 5
4 33 4
28 63 2
2 2 10
4 74 8
31 6 3
28 14 1
7 60 2
12 79 5
10 34 1
29 73 7
10 40 3
18 3 1
35 26 6
17 68 5
32 8 3
30 32 10
10 44 4
22 42 10
33 21 5
35 15 4
30 4 6
20 46 10
33 16 4
40 18 7
35 40 7
5 66 4
38 46 5
39 29 5
35 18 8
20 69 4
7 70 10
22 9 5
18 8 3
18 64 9
15 60 1
19 39 6
40 64 7
14 80 5
38 42 8
26 67 4
32 56 8
16 76 2
39 53 5
32 24 3
36 17 2
27 73 5
37 44 2
1 26 6
27 68 1
7 17 8
27 9 4
28 56 1
10 12 2
25 24 2
26 45 1
36 58 7
28 80 9
11 57 2
4 45 5
21 26 4
9 48 7
9 39 3
40 59 5
28 38 10
5 17 10
37 55 9
19 30 1
4 71 7
34 64 3
22 54 5
9 57 5
30 23 3
29 23 3
7 18 9
3 15 4
2 50 6
8 37 8
32 23 2
21 11 8
28 47 3
33 65 9
11 19 5
30 76 5
28 21 8
31 12 8
21 79 1
21 15 10
39 13 4
8 29 2
32 55 1
23 57 1
4 31 8
39 38 7
34 17 10
13 79 9
1 17 2
3 48 1
1 65 8
22 30 6
5 36 5
17 72 8
35 29 5
17 43 9
2 4 5
21 15 4
26 48 10
39 55 8
