1000 458 557
38 32 9
37 45 7
27 7 6
16 28 8
2 20 1
14 45 8
37 27 3
29 44 4
5 56 6
6 3 1
19 59 9
9 47 8
9 2 5
23 52 5
22 72 8
11 35 9
16 47 8
12 52 5
11 80 3
8 63 7
20 59 1
9 54 8
7 34 6
8 43 4
33 50 4
26 9 6
10 43 3
26 59 4
35 6 5
14 48 10
34 72 1
29 3 8
39 78 4
25 29 1
8 46 6
30 58 10
22 38 9
7 56 2
22 61 6
8 5 8
24 17 10
3 27 3
26 43 7
20 80 10
39 73 2
16 46 1
31 15 5
16 11 10
28 68 2
24 61 4
8 45 3
30 32 9
6 42 8
3 64 6
37 15 9
30 54 2
2 79 9
21 65 3
38 20 5
5 14 8
12 64 4
10 13 9
35 64 10
17 9 10
20 19 2
11 22 2
15 63 6
4 51 7
16 2 8
25 15 3
9 31 10
10 24 6
32 70 8
37 36 5
32 69 1
33 27 3
22 35 10
34 57 7
12 57 2
20 51 5
34 14 7
30 75 5
35 71 3
19 40 5
39 42 5
8 73 3
19 36 8
23 11 8
10 37 10
15 56 3
40 60 8
27 39 4
8 48 7
15 55 10
18 13 7
5 34 6
15 75 7
8 58 6
13 4 7
31 37 1
12 4 4
2 62 3
9 23 2
31 39 10
16 48 6
2 66 2
35 75 7
37 74 7
2 8 2
26 20 7
20 24 7
36 14 7
34 45 4
35 68 9
36 27 3
15 71 3
8 7 3
11 38 3
38 47 7
3 57 2
16 2 9
38 37 7
31 71 2
12 49 6
23 60 9
35 69 7
35 27 5
26 60 8
38 76 9
2 44 8
8 25 6
31 71 1
33 80 2
36 6 2
31 65 9
9 17 10
35 70 10
15 44 1
8 9 4
25 42 5
26 3 8
36 7 5
37 42 7
9 58 9
29 58 10
3 35 2
8 21 5
8 16 9
34 73 8
10 41 2
14 13 3
32 68 2
26 32 1
6 78 5
18 66 1
3 2 5
24 45 8
11 53 10
31 2 3
8 46 2
5 74 2
8 36 3
13 33 2
19 74 4
2 22 9
1 57 2
37 8 6
20 17 5
28 57 3
7 18 10
40 19 8
40 12 5
40 58 3
6 26 9
17 15 9
34 9 1
30 27 4
11 21 9
20 16 7
35 47 2
37 12 10
35 52 3
3 32 3
40 45 7
17 28 5
33 78 5
15 46 6
37 42 2
17 51 9
18 4 8
8 48 7
34 77 1
15 16 6
18 43 3
10 74 2
10 9 7
4 9 6
34 38 10
7 41 4
3 21 1
26 71 8
28 44 8
7 44 10
6 22 8
11 58 6
21 41 10
16 55 2
34 58 6
33 18 3
2 28 2
28 66 6
23 30 8
16 43 9
32 11 9
10 55 5
21 15 10
2 35 1
30 61 5
30 74 9
5 4 9
7 53 1
7 42 5
7 49 7
14 54 8
39 72 7
18 31 4
4 70 9
22 26 10
3 49 4
31 2 5
10 30 2
10 20 4
23 51 4
8 71 2
34 71 8
20 2 7
32 80 2
17 4 7
6 16 3
25 14 10
28 38 6
27 30 7
5 44 4
7 4 1
23 41 6
24 34 7
32 40 5
19 78 9
25 25 5
40 32 2
23 17 2
34 17 3
36 27 7
34 10 9
12 10 5
37 37 6
31 27 6
25 76 5
8 20 7
8 62 5
40 3 8
22 26 9
20 28 8
3 17 3
22 77 7
39 24 6
27 54 3
22 49 7
2 6 4
21 31 9
23 53 7
16 44 9
37 79 3
14 5 7
37 72 4
24 10 5
13 62 3
34 56 10
30 62 4
12 3 8
20 79 3
37 74 5
14 53 10
5 46 10
24 53 6
27 3 7
7 41 3
28 7 10
15 47 5
24 51 5
8 7 10
14 60 5
10 59 7
4 53 7
33 71 2
26 19 7
28 33 3
9 27 1
4 39 5
12 28 3
10 49 1
3 11 10
9 51 6
34 53 8
28 69 2
21 29 2
39 41 5
33 13 5
35 11 9
32 34 8
24 29 5
20 18 1
4 68 6
34 21 7
3 16 9
21 25 8
14 2 1
36 33 1
33 18 10
26 13 3
15 11 10
18 76 8
15 80 6
11 14 5
35 23 3
34 5 4
31 40 5
12 19 10
39 50 4
6 9 3
10 38 7
20 9 1
12 69 2
4 61 3
33 80 5
13 80 5
7 79 10
17 33 3
4 46 10
16 54 1
38 31 1
32 56 10
13 64 6
12 10 1
2 61 2
6 76 3
18 49 9
18 51 10
14 52 1
37 22 10
11 45 5
4 44 3
7 25 10
36 19 4
13 51 3
35 7 5
20 79 3
35 12 6
34 23 8
40 72 10
32 47 9
30 69 2
16 48 2
14 66 3
37 19 7
27 58 1
7 74 4
29 22 9
31 77 5
32 63 7
10 22 2
6 7 2
35 61 9
3 74 6
27 72 8
11 61 5
1 2 1
22 3 10
25 79 7
18 42 5
40 72 10
21 34 4
19 42 3
21 10 8
9 68 7
2 78 5
37 65 3
24 12 8
18 37 8
25 29 3
3 39 7
14 61 5
1 67 4
9 8 1
40 67 2
12 16 3
9 32 9
7 20 3
11 27 4
8 58 6
31 38 3
12 37 3
38 29 3
37 70 2
17 44 7
6 12 4
21 3 2
14 71 8
10 16 10
13 5 4
32 64 7
24 48 10
22 48 5
1 18 4
30 33 5
23 64 6
16 61 5
31 44 1
23 18 3
24 42 7
34 67 1
26 6 10
29 78 6
20 34 7
27 13 2
32 76 5
10 27 3
37 27 1
37 3 7
17 74 1
31 45 4
30 78 6
1 69 6
40 29 3
35 32 7
13 55 5
5 29 7
14 50 7
11 76 2
31 54 10
1 58 9
26 74 3
22 77 4
8 3 10
36 69 3
37 30 1
3 13 3
40 34 7
4 52 8
34 77 5
13 40 6
10 20 5
40 30 7
13 56 1
6 78 4
35 48 10
33 6 1
25 45 6
40 20 7
3 56 2
32 67 7
1 9 9
10 19 4
37 54 5
36 7 4
32 17 8
22 2 2
22 54 1
3 62 1
30 45 6
17 39 1
22 72 2
37 79 7
19 13 9
5 5 6
21 42 8
30 59 7
5 31 3
29 28 4
32 58 8
18 14 4
23 77 1
21 62 1
38 12 8
11 79 10
23 48 4
7 63 8
24 36 2
17 1 8
17 46 1
24 42 7
22 30 1
9 63 7
33 13 10
33 69 7
24 8 7
13 2 2
33 79 1
12 12 4
27 43 2
11 64 9
10 61 8
35 74 9
9 11 7
37 70 6
5 44 5
8 16 6
7 6 4
20 17 2
26 25 8
5 65 7
2 58 8
40 37 4
39 48 4
18 69 2
34 12 8
27 49 1
2 51 9
20 64 10
19 65 5
36 77 5
28 77 6
31 54 2
3 21 6
4 80 8
15 55 5
20 39 10
15 52 1
35 44 8
24 17 3
25 25 5
14 13 5
8 57 9
12 42 4
33 43 3
28 78 10
34 56 5
2 37 8
25 26 4
12 24 3
31 36 4
14 7 1
21 77 8
12 77 1
3 29 3
20 60 9
18 70 3
11 25 9
28 47 9
11 16 7
3 44 2
2 53 6
30 63 7
19 79 8
24 2 2
31 62 5
40 33 10
38 11 7
20 44 5
31 2 3
35 22 3
21 69 6
3 8 7
13 61 7
40 1 6
37 19 5
2 38 6
14 1 6
23 68 9
24 67 4
31 69 3
17 71 10
1 55 1
27 57 5
18 62 7
1 58 1
34 68 10
27 51 8
10 9 9
29 62 3
28 27 4
21 24 10
30 20 3
22 5 5
36 34 6
5 66 3
38 19 10
4 76 9
37 4 4
4 26 9
21 34 3
2 61 5
34 39 8
30 54 5
40 3 5
28 29 8
39 48 5
15 8 3
8 22 10
12 52 9
35 55 8
38 21 4
13 57 7
7 35 1
8 20 8
3 66 5
31 78 10
1 60 8
1 4 5
27 76 1
16 11 3
30 71 8
28 37 1
31 46 2
18 4 4
26 1 5
30 60 6
4 35 4
36 72 6
39 4 8
12 30 4
18 48 2
30 26 6
3 43 1
37 42 1
15 61 8
27 61 9
32 70 10
30 9 10
20 1 7
7 52 4
18 51 8
37 10 2
27 77 10
14 79 6
11 30 8
17 50 10
31 37 5
1 62 4
20 6 5
4 28 6
28 1 6
38 44 6
36 46 9
17 75 6
13 38 4
36 4 6
16 66 9
36 70 6
32 73 6
7 78 2
2 76 10
28 71 4
33 49 4
39 21 9
39 59 2
26 76 5
40 53 8
9 25 10
16 7 8
24 5 7
35 33 2
20 5 3
22 49 2
40 4 10
9 66 3
23 10 2
14 65 6
16 37 4
11 13 7
37 18 2
29 9 5
29 65 3
24 29 2
38 36 9
33 12 9
7 3 6
38 79 4
18 72 8
40 19 5
17 60 6
21 58 6
36 13 1
18 20 5
19 12 7
10 63 5
11 45 2
40 12 4
37 80 9
6 21 8
5 31 4
8 67 2
20 2 6
2 39 7
8 44 2
26 73 10
4 51 5
27 22 3
33 2 9
10 60 9
30 42 3
14 13 6
4 31 7
1 53 1
12 66 5
7 6 6
36 63 10
8 77 7
28 29 8
12 23 1
27 16 6
14 78 1
12 2 6
10 8 4
28 50 3
16 29 2
22 34 4
13 63 3
29 47 1
18 44 2
12 35 8
16 17 7
36 39 4
37 6 10
8 28 8
11 57 4
37 49 3
21 59 5
37 68 9
30 44 4
19 36 8
27 21 3
40 44 10
32 14 8
17 1 7
1 54 2
3 5 7
25 47 2
6 55 4
40 65 2
25 28 5
24 72 7
27 60 2
27 71 8
33 45 4
9 2 1
32 37 10
37 7 2
31 59 6
40 38 9
28 34 7
20 76 8
8 49 9
15 64 5
24 17 3
37 14 10
13 73 7
25 40 9
27 18 6
28 18 9
5 11 1
38 80 5
9 58 1
22 1 7
30 46 9
21 44 5
35 79 8
34 35 9
3 20 7
1 21 4
9 26 1
6 42 7
29 67 5
4 50 9
19 73 4
30 76 2
11 40 1
31 55 6
40 14 7
14 68 4
25 76 1
4 57 7
33 55 1
5 43 4
12 35 4
39 19 5
29 60 4
3 42 1
31 6 9
5 49 6
2 78 8
5 53 6
12 18 9
6 15 8
2 52 4
16 63 3
14 70 10
39 77 10
33 5 4
12 53 6
12 37 2
25 48 3
2 15 9
26 72 8
5 59 7
27 31 4
20 31 4
15 13 1
20 15 6
27 51 5
10 19 7
8 17 1
23 68 9
6 13 10
25 71 3
29 53 4
19 65 2
29 5 4
24 2 3
29 78 10
26 76 1
35 79 10
17 76 6
22 2 4
11 43 2
3 65 6
22 33 5
3 1 3
18 47 9
38 67 4
19 78 4
3 53 9
7 34 8
10 59 4
6 48 3
4 39 1
40 17 10
19 2 2
28 16 6
4 77 5
23 58 8
31 71 5
38 23 4
33 71 9
26 61 8
37 15 5
24 56 3
3 77 4
17 44 9
3 76 2
31 71 10
4 65 8
18 38 8
32 32 4
2 71 2
35 77 7
22 55 5
24 57 10
15 62 6
3 20 5
34 10 9
18 37 8
21 39 8
15 13 2
35 14 10
37 23 3
3 75 1
16 11 3
15 69 10
29 54 9
19 25 6
23 45 7
10 23 8
27 69 4
8 76 3
4 75 8
24 77 8
15 11 5
17 26 7
10 28 2
26 71 10
12 30 2
38 44 3
26 57 10
5 24 8
4 50 8
13 50 10
26 59 8
5 25 1
19 63 1
24 31 6
10 25 1
15 46 9
36 9 5
18 79 4
24 32 9
39 1 9
8 59 9
3 18 1
13 46 2
38 77 8
2 42 10
16 21 4
8 76 8
7 15 5
20 40 3
31 17 7
24 35 4
31 48 1
30 79 2
40 80 6
3 21 5
18 71 7
13 69 1
21 26 7
32 65 4
37 23 9
5 21 9
1 39 9
1 53 5
16 51 9
28 69 7
9 9 3
13 15 9
40 7 3
39 32 6
28 7 6
37 18 6
11 47 2
40 15 10
33 80 2
2 42 6
38 6 4
1 74 7
6 65 7
2 9 6
8 6 2
1 25 4
4 53 8
39 4 10
19 3 5
2 14 10
32 12 2
8 53 5
34 30 5
29 58 7
36 74 5
10 59 8
37 24 9
20 2 4
13 20 1
27 33 3
15 80 1
39 46 1
14 56 8
1 37 7
10 70 4
10 23 7
24 5 2
14 60 7
22 2 8
40 66 5
29 23 2
40 58 1
17 21 10
25 36 1
12 12 1
39 47 10
8 12 5
1 45 6
29 75 3
16 5 9
8 6 5
21 41 1
37 66 5
34 74 1
10 67 6
27 18 10
39 30 8
4 53 4
20 45 9
3 41 8
33 35 4
23 25 6
36 20 2
15 33 6
22 9 3
3 49 1
21 80 2
11 5 6
19 52 10
3 61 3
26 35 10
12 56 10
8 70 9
12 4 3
38 53 7
17 15 3
31 62 4
34 33 6
