1000 72 967
23 64 2
10 76 9
23 7 2
30 48 4
24 64 3
29 80 1
1 39 7
36 74 2
6 63 3
36 36 9
6 79 4
14 30 5
18 74 2
10 24 7
15 34 3
4 64 10
31 17 8
12 19 7
11 14 9
33 18 8
27 48 6
19 63 9
2 40 3
31 35 7
35 74 9
24 4 4
10 11 1
21 25 5
19 11 7
2 29 8
35 55 9
3 18 5
24 21 3
34 59 3
38 55 1
17 79 2
14 9 9
29 8 6
4 55 4
8 5 4
19 21 1
10 14 8
6 40 1
30 10 1
17 4 1
9 58 4
20 7 9
10 77 7
17 24 2
33 44 10
19 19 7
6 31 5
37 71 9
15 79 5
4 9 1
18 14 2
34 26 9
4 37 6
40 3 4
16 65 1
9 30 9
7 28 2
16 17 1
39 9 5
35 76 6
24 61 1
36 64 10
8 79 6
11 67 4
2 35 1
34 61 10
11 20 2
36 41 2
12 45 7
2 18 2
32 76 4
7 80 7
28 13 2
18 34 5
29 66 1
16 56 10
2 80 2
32 54 3
21 62 10
14 5 5
29 62 1
3 46 7
12 65 4
16 75 2
4 75 9
33 63 3
14 68 5
32 13 4
26 21 7
37 80 4
11 35 8
21 48 4
34 23 8
2 64 10
32 37 6
17 36 7
7 8 7
32 46 4
37 71 6
30 39 7
34 38 3
40 69 8
31 54 3
33 48 3
2 25 10
28 34 10
28 27 1
29 64 6
29 34 4
4 22 2
7 75 8
14 50 4
33 67 4
3 64 6
23 25 6
1 46 8
1 1 10
18 46 2
8 68 10
3 72 10
20 22 8
6 39 3
21 39 5
28 20 7
40 59 10
19 42 9
15 20 10
26 38 7
37 71 9
19 26 6
32 29 5
17 58 9
8 77 4
36 28 7
31 39 10
27 52 9
17 71 8
29 77 7
24 13 2
36 23 3
7 52 2
18 11 3
32 11 4
12 30 7
39 13 8
21 43 1
21 34 2
10 69 4
24 3 3
13 55 7
1 80 4
3 40 2
34 76 7
6 13 5
13 70 6
24 23 10
6 17 3
12 31 2
39 19 1
22 45 1
22 77 5
21 22 10
11 60 3
24 56 7
36 61 10
24 56 9
23 47 6
38 50 9
4 48 2
9 66 10
22 31 10
36 67 7
21 35 9
17 66 6
14 5 5
9 9 1
30 75 2
36 6 8
16 6 6
19 37 3
6 76 10
34 55 8
34 54 3
17 72 8
14 58 6
19 42 1
26 22 8
24 10 1
7 6 6
19 49 2
18 62 8
1 21 4
38 40 8
36 79 1
7 64 7
10 22 9
28 10 2
32 63 3
27 49 1
7 30 7
36 55 3
5 33 5
40 75 6
7 28 8
19 32 6
36 72 9
4 29 5
25 34 3
33 60 10
33 23 5
34 2 7
27 64 3
22 77 10
22 75 1
31 51 7
31 75 4
8 73 9
36 68 1
34 36 6
2 15 4
35 25 4
16 64 10
2 78 2
26 45 6
12 15 9
23 15 5
5 41 8
37 40 3
16 14 7
38 5 2
31 73 2
14 60 9
15 40 3
8 62 6
35 77 1
2 17 7
28 65 7
40 47 1
10 17 4
4 52 3
29 5 10
34 61 1
36 7 1
4 10 3
11 77 3
27 2 4
14 12 9
3 49 9
8 5 8
39 21 9
36 41 10
23 65 4
40 50 2
34 65 9
10 61 2
31 77 4
23 27 9
2 36 9
1 42 5
1 57 6
4 30 1
40 80 3
31 25 7
40 40 1
35 65 7
4 78 2
8 11 7
34 4 6
6 18 2
40 79 9
6 16 6
11 78 1
15 47 6
5 13 6
35 8 9
21 30 6
24 40 8
35 70 7
34 4 8
7 17 10
36 74 2
30 58 6
39 12 3
9 79 9
38 46 2
27 8 7
14 6 6
19 37 2
8 19 3
30 32 6
37 54 7
8 8 7
23 59 3
4 14 10
29 22 4
29 37 10
25 50 7
19 7 1
27 23 8
6 36 7
28 8 9
24 18 7
36 42 10
17 71 7
1 18 5
8 21 1
32 67 2
2 50 10
30 17 10
12 55 10
29 6 8
14 49 7
37 42 2
38 77 8
2 57 5
5 41 10
36 15 8
15 4 9
17 79 5
22 53 10
16 7 6
16 7 8
20 80 4
26 26 5
17 44 9
11 43 2
14 12 8
31 76 5
17 10 1
10 43 4
3 2 5
6 79 6
29 52 7
40 65 2
29 45 2
26 34 1
39 29 5
22 74 4
36 20 9
10 19 10
25 46 5
21 15 5
28 70 2
4 43 5
37 70 2
8 66 9
1 11 7
6 78 6
2 32 1
38 41 10
26 30 1
10 74 2
32 1 6
2 33 4
13 15 6
3 52 4
12 29 7
31 46 8
23 68 8
9 4 10
10 78 8
39 69 4
28 32 10
20 31 8
28 54 5
16 11 10
32 80 7
7 25 8
8 56 6
21 58 3
32 52 8
13 3 5
28 55 10
4 27 3
28 77 7
9 28 1
9 50 8
8 9 1
23 67 6
27 11 2
31 1 3
8 78 7
20 56 10
25 49 6
26 6 4
31 23 4
7 6 2
12 56 7
17 43 7
34 63 7
4 62 5
22 65 4
10 72 6
22 36 2
21 1 10
23 4 4
23 54 5
18 21 10
29 71 1
3 46 4
33 14 10
37 67 7
20 12 9
37 71 8
39 63 6
8 70 6
13 49 1
26 23 10
33 4 9
37 35 1
36 66 2
9 7 5
9 53 5
16 26 2
16 62 2
20 17 5
35 45 10
9 31 8
15 46 10
34 49 1
29 66 8
16 76 1
40 78 7
33 49 10
23 43 10
24 72 6
4 25 6
26 24 5
25 68 8
7 24 1
16 43 7
26 13 6
30 56 2
30 76 5
37 67 10
12 27 10
35 46 1
19 35 7
7 28 5
16 15 6
5 36 9
12 2 8
24 76 7
18 15 10
6 21 3
31 49 1
20 23 2
3 40 8
3 13 4
11 71 8
3 72 2
7 48 1
22 31 2
11 20 4
19 17 2
38 47 10
9 31 6
28 8 9
28 9 8
33 29 6
19 42 10
20 60 6
21 3 1
39 79 5
2 69 10
8 42 9
3 37 3
19 8 2
3 76 3
40 41 10
31 61 6
24 72 3
35 45 2
4 75 10
2 67 9
26 37 4
9 29 9
22 64 2
3 17 2
19 44 2
30 70 7
22 5 10
28 51 2
25 19 8
6 29 1
5 21 10
30 26 4
20 79 8
11 63 10
38 17 7
4 41 9
9 40 1
24 2 9
8 22 2
31 18 6
40 45 4
30 18 9
4 2 9
1 68 1
19 67 1
18 74 7
30 74 10
38 48 1
7 76 7
28 31 1
33 39 4
24 1 1
5 21 10
34 32 3
5 18 5
22 19 8
14 15 6
33 80 5
40 19 3
15 14 9
3 6 8
32 8 2
16 76 1
16 44 6
29 40 5
32 51 9
20 18 1
18 35 10
29 8 10
17 42 10
1 6 8
8 11 2
34 45 9
15 21 4
24 9 9
28 36 6
22 65 2
32 51 5
13 40 10
18 79 5
5 14 8
34 28 7
8 7 3
36 16 2
20 48 5
4 80 1
19 28 8
4 30 2
18 71 4
13 75 6
31 75 5
21 39 7
8 29 7
39 70 3
29 28 2
21 33 7
34 67 6
27 77 9
8 22 2
15 30 7
14 77 1
3 27 9
18 44 5
27 42 5
32 55 5
37 80 6
2 1 9
14 4 6
2 60 4
8 68 7
27 37 4
38 8 6
10 10 9
36 74 3
12 71 3
7 64 2
13 31 2
38 27 5
16 29 5
16 62 1
2 10 9
6 12 6
36 37 6
37 32 4
33 21 3
15 13 6
17 23 8
40 8 4
4 26 4
39 22 4
24 34 7
16 74 4
10 69 1
28 9 4
21 56 9
5 64 2
12 54 3
32 13 10
23 61 7
35 10 7
6 50 9
25 51 7
28 28 3
21 80 8
24 67 7
27 78 6
18 63 8
38 24 10
16 53 6
7 56 10
34 58 6
7 80 8
17 44 9
32 68 5
4 39 9
22 5 8
18 49 8
26 7 9
21 16 5
1 68 5
21 15 9
12 30 5
35 66 9
8 73 6
8 22 3
1 24 3
1 50 10
21 74 7
13 4 1
28 77 9
14 45 2
18 42 6
17 1 10
9 16 3
38 58 4
29 60 5
15 60 4
37 41 2
33 21 10
20 3 5
3 39 10
6 73 8
35 77 7
28 67 9
28 11 10
15 34 8
8 21 8
25 4 7
3 60 7
21 58 10
30 50 7
20 19 9
30 32 3
16 11 7
14 50 7
19 39 8
27 38 5
33 80 5
9 18 1
22 67 4
20 17 6
6 11 6
11 69 5
8 6 7
15 63 1
18 5 3
34 14 5
26 58 2
30 12 10
9 6 10
4 30 4
4 34 5
26 10 10
3 18 9
11 35 10
7 17 5
19 15 10
37 6 1
16 78 10
1 75 8
34 44 10
4 39 3
38 71 1
22 16 4
30 70 7
32 1 1
10 54 8
6 51 6
4 60 9
24 46 7
32 15 7
37 58 6
29 51 10
19 80 3
18 36 10
16 48 5
12 5 4
25 37 3
26 12 6
11 72 6
6 6 2
19 57 2
11 57 3
4 45 4
33 64 1
37 66 1
20 37 10
5 4 5
23 47 2
22 54 4
37 17 6
5 6 6
1 70 1
18 64 3
25 41 3
20 63 3
35 47 10
16 6 8
32 23 9
38 80 7
36 77 10
16 3 6
19 63 3
30 68 3
21 61 3
13 43 4
4 41 5
13 21 5
21 39 9
1 35 7
2 61 3
11 80 2
22 14 4
25 66 5
25 72 2
39 32 2
6 37 8
7 55 10
24 77 4
38 67 1
6 47 10
28 12 5
12 62 10
18 67 4
25 64 2
23 79 10
28 7 5
13 65 6
21 20 1
18 35 5
22 4 8
39 77 3
17 31 7
12 57 10
24 76 8
31 77 10
14 3 10
6 69 3
19 29 1
13 76 4
23 5 8
37 56 5
28 51 10
11 3 7
40 21 1
20 43 8
6 58 4
34 58 4
19 36 6
11 76 3
38 10 8
16 39 6
26 48 4
33 42 10
11 22 8
35 55 6
29 62 7
23 28 6
5 37 6
36 12 9
14 33 7
28 80 7
28 4 1
24 18 7
26 3 5
1 29 10
20 42 3
32 25 5
13 63 8
4 25 2
20 56 4
31 73 2
31 44 1
16 47 5
35 38 7
29 75 10
28 51 3
11 14 1
20 48 1
37 49 9
36 66 8
9 23 4
8 16 3
17 15 10
13 17 6
38 61 2
23 71 2
27 74 2
8 65 1
6 64 9
21 61 9
36 1 4
14 38 2
31 19 3
36 67 7
27 55 6
17 48 7
20 13 9
11 72 9
30 51 4
9 20 9
36 18 4
13 47 4
29 79 1
2 23 2
5 59 6
24 24 7
16 28 8
3 14 8
30 63 5
16 10 3
4 77 7
27 64 4
11 24 7
14 11 5
14 43 1
21 28 10
20 72 6
35 25 2
22 60 1
32 4 10
31 30 4
18 13 4
28 57 3
5 1 1
1 14 10
34 2 9
14 20 1
1 12 2
7 73 6
22 70 5
4 22 9
25 61 3
5 4 4
9 35 8
17 19 7
28 43 2
26 12 10
37 22 9
5 77 10
27 15 8
34 66 8
1 46 1
32 69 5
27 41 2
35 3 4
21 18 6
17 44 1
13 44 8
8 21 7
10 26 3
4 49 2
6 23 4
27 27 3
28 70 3
29 22 1
40 62 10
15 79 1
35 34 7
1 8 4
39 16 5
17 29 7
19 10 8
8 75 9
32 12 6
6 27 4
31 1 3
32 35 9
30 55 10
15 20 9
24 42 10
37 41 2
13 5 9
24 2 7
36 2 5
32 53 1
15 24 2
34 29 4
20 29 9
21 77 2
34 55 7
1 1 3
21 36 1
1 45 3
21 29 10
27 32 2
40 22 9
2 73 7
28 8 4
8 74 8
39 70 10
19 20 2
6 24 3
26 66 7
16 51 10
28 79 1
8 42 9
34 58 1
16 3 3
38 27 6
37 34 3
6 39 3
25 60 5
19 67 3
20 20 10
34 77 4
12 72 5
25 67 7
27 53 1
23 53 6
14 71 9
12 61 5
12 15 6
7 60 8
32 53 10
15 32 7
1 24 3
28 24 9
39 34 6
40 74 4
9 16 5
24 37 3
6 14 6
39 22 9
40 63 6
40 69 8
3 80 9
7 61 6
1 72 3
4 60 6
20 21 2
16 33 1
8 42 1
20 16 7
24 17 10
31 37 1
3 3 5
24 54 4
9 46 4
32 70 5
5 74 6
26 60 8
34 39 7
34 34 4
4 11 5
21 22 3
26 42 8
35 2 1
39 35 9
11 23 5
33 1 10
29 17 5
25 62 5
2 36 4
37 25 6
11 74 10
21 30 5
38 58 2
16 25 9
31 38 2
15 7 3
40 59 3
9 31 7
30 51 2
8 74 2
8 64 5
6 33 4
19 10 8
38 8 9
6 26 1
9 76 1
40 29 4
7 7 9
25 79 2
26 36 10
22 14 3
33 1 8
1 32 5
7 44 6
23 35 4
