100 45 61
35 55 6
22 72 2
24 30 6
23 32 1
19 44 6
8 55 5
22 79 1
3 70 7
1 79 9
3 75 3
13 21 6
12 61 8
29 6 3
36 19 1
30 13 8
27 24 9
9 50 10
15 14 9
16 6 10
2 39 9
31 45 1
33 9 4
25 60 6
22 25 7
37 16 8
30 77 5
14 49 10
37 5 6
27 46 5
23 29 7
8 62 7
18 50 1
38 45 5
28 65 7
31 70 10
22 1 5
6 79 4
3 64 3
11 58 9
39 53 6
6 5 5
14 20 10
20 13 8
39 59 7
23 34 1
39 4 2
20 1 4
38 16 2
3 24 2
28 70 10
19 72 4
14 67 8
21 40 5
8 13 10
35 53 2
6 59 7
22 42 7
21 52 7
36 23 5
28 49 2
33 9 9
5 59 2
21 42 3
3 68 9
35 38 3
14 17 3
6 13 7
3 64 1
12 4 6
18 59 10
40 30 6
10 38 4
5 76 2
18 47 10
34 55 4
40 21 8
23 54 5
29 55 5
15 73 3
18 67 10
11 5 9
11 50 6
3 31 2
20 29 8
11 55 5
14 63 5
2 28 3
34 72 6
9 28 2
11 45 6
1 15 3
34 1 7
6 53 2
9 31 7
12 68 2
37 79 10
20 12 8
6 69 4
27 29 10
36 60 3
