100 26 33
20 2 10
21 39 4
17 42 6
16 44 4
8 17 5
31 47 2
32 78 9
9 80 6
37 23 9
1 5 6
37 5 1
6 13 8
30 17 2
32 46 6
36 17 10
26 46 9
21 37 7
40 42 1
1 7 5
39 30 3
22 51 7
10 65 5
24 67 8
21 10 10
26 78 1
33 11 8
18 80 4
35 50 7
18 2 2
36 34 4
31 29 10
30 62 4
21 51 3
36 26 8
17 42 10
22 59 1
25 26 4
31 11 7
9 56 4
35 35 7
10 60 7
26 72 2
25 20 1
33 53 10
36 29 2
38 44 4
6 48 3
27 69 1
6 23 9
1 22 8
18 71 6
5 75 8
36 10 2
11 20 2
16 56 8
6 42 6
16 27 7
16 9 3
32 35 8
4 8 7
28 21 2
1 11 8
35 13 2
28 71 5
3 19 10
27 54 4
32 1 6
16 78 5
35 66 5
13 14 1
33 28 6
5 43 9
22 29 1
10 47 9
14 15 2
17 35 4
26 21 1
19 79 2
37 10 1
5 77 6
5 60 7
21 70 9
8 6 2
12 9 10
30 16 10
12 11 5
33 35 8
13 47 7
3 7 10
12 32 9
9 80 1
14 45 10
9 48 7
11 35 9
5 74 3
25 54 2
30 6 1
22 21 1
5 49 2
32 33 9
