100 16 79
34 65 4
1 31 6
33 75 5
22 6 2
22 76 8
25 63 4
34 15 2
20 76 6
17 6 8
36 33 8
6 2 9
36 39 10
13 4 8
23 29 6
11 19 10
12 68 9
11 79 4
2 27 6
6 32 6
30 63 5
35 34 10
27 13 4
37 77 8
29 45 3
3 78 2
12 45 4
23 36 3
21 60 4
36 10 10
31 58 10
37 45 2
21 1 1
7 77 1
35 28 4
17 60 10
1 15 8
26 25 7
10 40 6
30 57 1
21 16 4
37 27 7
40 48 10
16 49 10
34 80 10
34 7 9
3 48 3
31 41 9
6 40 1
19 58 9
19 57 3
25 16 10
26 75 5
18 3 1
26 53 8
13 33 5
8 44 3
15 14 6
9 29 10
16 33 10
4 16 1
2 25 2
29 31 5
4 73 10
35 69 5
27 56 7
21 30 2
37 45 4
20 66 5
7 76 3
19 56 4
20 78 8
16 72 10
37 71 2
40 64 8
18 61 1
18 2 8
8 57 5
40 42 8
13 50 7
20 17 5
10 28 2
1 30 7
35 8 1
12 54 8
24 55 6
14 42 3
22 15 3
20 1 5
4 42 1
24 14 10
21 76 3
2 42 10
20 23 9
29 47 5
21 44 3
11 9 9
34 80 10
10 78 9
29 30 10
23 74 2
