200 11 88
29 78 2
20 13 2
28 8 2
21 72 1
22 76 9
26 55 4
27 22 10
20 48 3
19 67 6
13 4 10
23 58 3
6 32 1
29 53 6
23 18 3
16 28 2
20 64 4
7 21 8
34 62 6
4 67 6
39 11 9
17 40 7
15 11 7
36 14 4
40 41 3
1 70 7
1 5 3
27 25 1
30 55 6
39 7 1
8 76 9
12 71 4
9 51 8
16 15 4
35 5 8
7 33 3
29 10 5
17 56 6
26 21 3
33 29 5
14 10 6
29 6 3
10 32 10
8 65 3
14 79 4
16 19 7
11 46 3
20 56 10
25 39 5
18 67 1
32 40 3
17 4 6
15 33 5
5 16 10
20 19 6
6 51 10
13 43 10
6 33 5
34 27 5
36 29 5
37 20 6
20 72 6
1 61 7
24 67 4
28 73 5
29 30 10
20 29 9
15 32 10
36 45 10
12 73 9
14 38 3
38 1 6
37 24 5
16 69 10
3 14 6
32 47 6
7 43 1
40 3 10
7 64 6
15 76 9
25 20 3
5 45 3
31 61 2
14 61 10
2 31 6
16 35 4
38 57 5
7 58 1
19 8 9
8 58 1
40 1 7
39 66 10
21 78 7
32 40 7
5 33 9
20 27 1
19 5 10
27 48 3
16 22 10
11 67 6
35 53 1
21 28 1
38 16 8
16 70 10
29 58 3
25 2 5
20 62 2
10 78 6
25 79 7
11 23 4
31 68 7
11 30 6
30 71 1
31 40 1
33 29 4
7 49 5
22 4 6
36 79 1
8 79 8
39 7 2
40 24 9
9 38 1
21 69 7
35 78 7
2 58 4
21 75 10
15 8 7
32 73 10
6 53 8
26 36 5
34 75 4
37 19 3
9 23 6
13 74 1
7 73 8
38 42 10
25 16 8
17 6 5
27 53 5
21 79 9
1 10 6
23 52 6
16 13 2
15 6 5
24 8 10
18 44 10
32 77 1
34 54 10
28 59 3
39 19 6
27 42 8
36 75 9
28 7 10
14 74 5
2 6 4
22 40 1
40 22 10
38 2 4
27 69 6
40 53 2
35 45 1
34 19 7
15 25 6
22 36 2
31 37 7
9 48 7
31 37 10
8 18 4
9 3 10
8 35 10
22 31 10
25 37 6
25 14 2
18 68 9
29 2 10
20 67 3
21 57 6
18 58 6
28 57 8
15 49 1
28 57 7
24 51 9
20 10 4
40 52 9
21 21 1
10 43 6
29 61 10
18 18 10
1 34 9
6 13 6
12 33 3
36 23 4
4 1 8
14 6 4
36 28 3
12 16 4
15 28 2
25 38 5
23 63 1
12 31 6
9 29 3
