200 1 96
4 76 7
20 24 9
21 43 5
34 41 5
18 22 4
6 54 3
28 20 3
32 60 7
10 69 10
9 59 4
7 48 3
15 58 3
18 42 3
26 48 1
32 26 5
16 10 2
18 60 6
38 47 9
22 8 9
12 66 6
39 44 9
27 20 8
22 8 10
29 32 3
35 5 5
7 76 1
22 10 5
39 60 5
35 18 3
10 66 10
25 11 2
14 68 4
14 35 6
1 55 7
7 59 2
38 36 7
27 32 5
27 70 8
16 60 5
6 68 5
1 29 4
26 30 5
31 9 4
37 18 5
1 21 9
11 8 4
29 10 9
40 63 7
4 66 10
39 44 1
22 63 10
13 53 10
8 40 8
27 77 10
17 40 10
10 1 7
8 67 2
40 40 5
3 80 7
28 8 3
22 34 5
35 5 1
23 2 6
7 74 8
28 71 6
2 12 6
32 66 7
31 1 10
29 7 5
2 39 6
18 36 2
5 19 1
14 6 2
26 49 3
6 13 1
27 44 4
1 62 5
2 5 4
27 23 3
7 59 10
4 68 1
14 41 9
14 15 9
26 22 5
10 51 5
32 44 4
23 52 2
8 52 5
15 13 2
14 67 1
32 41 1
31 76 8
18 19 1
16 15 10
27 36 6
13 34 7
6 45 4
18 70 2
32 10 3
27 65 5
34 29 4
37 51 4
20 62 10
11 8 10
19 67 8
35 51 1
25 1 1
35 80 2
21 56 4
12 47 7
30 24 1
1 42 3
30 42 4
7 40 1
2 42 8
30 4 5
21 36 4
1 79 3
9 46 1
3 2 9
17 63 10
18 41 6
6 76 1
31 14 4
2 5 1
39 2 5
38 2 2
31 65 3
40 10 10
8 43 9
26 22 8
8 9 10
26 26 5
33 78 5
40 56 6
13 66 6
9 40 7
9 14 3
18 66 3
14 42 1
33 2 6
29 11 5
37 26 2
20 17 10
7 42 8
6 77 3
26 11 10
19 60 8
33 17 7
28 9 5
23 42 3
18 50 3
25 74 6
14 75 9
12 38 4
22 73 8
7 26 4
20 64 6
32 29 2
9 7 10
16 11 8
37 60 3
40 7 8
8 44 8
5 19 7
29 21 3
40 47 1
23 70 10
10 79 8
16 4 5
31 29 2
34 67 1
15 73 10
16 27 4
17 79 1
6 39 9
26 53 5
13 38 9
11 41 2
10 61 5
12 60 5
37 76 10
11 71 5
32 9 1
24 52 1
24 77 6
30 10 7
37 77 1
17 30 4
14 49 1
6 28 5
22 14 5
22 45 1
36 57 5
5 63 4
27 24 4
11 58 2
36 71 6
36 43 2
25 57 4
