200 78 68
4 2 7
35 51 5
25 27 2
7 41 3
6 33 7
28 47 9
35 18 7
17 14 3
30 16 6
19 77 9
8 48 2
28 33 5
19 58 6
24 23 10
17 5 8
25 9 2
38 69 7
17 46 3
31 20 4
36 61 4
20 18 10
35 68 6
6 35 5
15 10 9
34 50 4
34 37 5
10 25 10
10 5 4
18 66 8
4 75 5
16 9 8
8 35 2
28 23 3
18 46 9
8 5 1
5 67 8
12 53 4
3 59 1
24 36 4
26 34 1
21 69 2
2 42 2
22 46 5
37 7 2
13 38 4
38 16 8
33 2 9
40 13 5
31 59 9
2 64 5
30 47 10
20 28 4
36 41 9
8 59 9
23 44 5
30 64 7
7 29 6
33 28 1
27 65 3
35 63 4
5 68 8
27 72 1
8 25 6
19 11 9
10 28 1
39 45 5
10 70 2
37 9 2
36 60 9
17 71 8
14 77 8
8 60 10
16 10 4
17 5 4
3 3 7
38 61 8
9 26 1
27 52 2
16 40 4
32 62 10
36 60 9
30 45 5
7 69 1
11 50 4
6 30 7
27 38 5
14 50 2
11 71 7
18 50 7
12 33 5
2 77 4
28 54 9
8 58 8
7 63 3
21 18 9
31 31 3
34 31 2
36 25 9
19 67 7
30 68 10
31 9 3
18 42 4
32 78 10
15 64 9
10 50 4
38 29 6
9 28 4
7 50 7
12 6 4
17 9 1
19 76 9
12 6 10
15 69 9
24 10 9
14 48 2
11 75 4
4 29 5
28 71 5
31 54 2
5 69 7
30 64 3
32 80 8
1 7 3
27 79 1
23 78 2
13 41 8
35 53 6
2 32 1
4 57 9
1 67 8
7 50 2
25 3 1
22 59 6
14 45 6
2 6 3
1 42 3
11 51 9
25 58 10
5 4 5
3 23 4
11 39 3
40 48 3
24 37 3
15 24 9
20 23 2
37 63 10
40 6 5
7 44 1
14 32 9
22 25 6
33 29 1
33 10 2
26 5 2
3 57 10
17 29 10
25 75 9
9 70 4
27 7 3
13 62 8
36 64 8
13 75 3
17 19 7
5 65 4
13 55 3
22 64 7
28 55 10
22 47 7
18 29 4
20 38 10
33 12 6
15 59 4
2 76 7
36 55 9
28 36 1
14 55 2
18 1 10
16 2 10
34 70 3
34 10 3
1 55 6
2 31 5
6 75 6
4 1 9
12 59 7
1 76 5
3 72 10
26 53 8
18 42 1
39 57 10
22 5 10
11 32 6
26 4 7
39 41 10
11 46 10
39 28 9
24 38 9
19 24 5
40 6 1
37 43 5
38 79 10
