300 114 206
3 61 2
38 14 4
18 12 1
23 57 7
30 23 5
39 49 7
36 48 8
31 12 3
23 49 8
39 64 3
1 9 2
32 13 8
6 29 9
37 59 6
35 44 5
1 1 9
31 25 9
22 33 3
33 13 10
30 67 1
11 45 8
23 68 10
19 14 5
32 31 4
3 78 3
40 62 2
14 74 1
26 12 8
16 78 6
8 67 6
27 73 7
35 74 9
9 37 4
18 5 8
2 25 6
7 45 4
36 8 9
13 30 10
39 18 6
27 29 6
40 43 7
16 64 8
6 65 8
18 74 2
11 73 10
19 9 6
7 40 9
29 26 6
27 78 4
12 10 1
9 23 5
15 45 9
39 7 9
29 76 2
15 22 3
38 62 5
15 55 8
1 4 3
16 48 6
13 42 4
4 57 8
26 4 4
24 50 2
27 58 7
20 77 6
13 47 5
3 80 2
20 75 2
20 69 2
2 19 7
37 72 1
14 41 9
26 77 2
15 31 1
7 75 10
21 55 6
24 52 6
11 53 5
28 36 2
15 20 5
40 20 8
3 38 2
15 56 1
39 19 8
13 25 5
2 25 6
22 26 9
31 74 1
8 14 3
15 62 4
12 32 9
1 72 4
22 2 1
27 52 3
38 11 9
1 38 10
12 1 3
3 10 7
18 60 7
18 79 5
13 13 9
32 18 4
3 26 1
30 41 6
40 76 4
27 8 4
34 9 10
38 62 4
22 32 2
3 19 4
17 12 9
27 78 6
36 80 7
4 79 2
7 10 7
17 55 8
21 21 9
18 3 4
7 57 4
15 20 2
11 74 1
25 14 6
28 13 6
19 49 9
24 13 3
1 49 9
27 27 8
27 28 2
31 45 4
8 41 7
36 21 5
33 16 5
18 68 9
6 50 6
34 27 1
2 37 5
1 33 8
4 67 9
17 27 5
9 39 10
5 71 1
25 36 7
20 40 4
19 57 4
40 24 2
11 76 3
27 71 3
4 77 1
32 59 10
13 28 1
23 66 5
1 14 5
16 34 10
35 57 9
25 16 3
23 70 9
39 2 6
31 23 7
12 31 6
6 23 10
4 4 2
8 8 2
9 47 4
2 9 5
29 33 2
29 22 10
30 75 5
37 42 7
38 22 6
11 20 6
13 36 4
25 32 9
15 52 9
15 65 7
38 11 10
16 55 2
30 22 3
3 76 5
36 12 2
30 52 10
28 43 5
15 51 4
9 1 4
31 8 7
24 34 10
28 27 4
12 63 7
17 64 8
3 49 2
2 20 9
31 48 3
30 45 3
37 21 2
20 2 5
2 18 2
24 30 7
40 49 7
40 50 6
25 32 10
6 18 8
39 19 10
13 31 7
30 10 10
27 62 10
35 33 10
11 33 10
28 50 9
19 63 8
30 77 3
38 69 7
12 77 9
15 25 10
33 73 10
10 3 9
29 79 5
7 50 4
19 53 3
7 65 4
21 15 4
35 52 10
28 55 7
28 37 6
8 33 5
39 21 3
1 40 4
36 1 8
24 42 9
40 20 2
24 47 7
36 47 7
28 73 4
34 13 4
13 75 9
33 78 8
4 70 9
3 32 8
8 50 1
14 18 2
2 57 10
9 50 2
5 38 7
40 50 5
23 7 8
20 17 10
10 3 7
27 13 2
4 60 9
11 15 6
25 10 1
1 27 10
39 25 4
6 3 10
22 34 6
17 75 4
40 8 10
2 12 4
29 52 9
17 39 7
36 25 10
20 7 8
40 2 4
31 2 4
39 55 8
24 11 9
23 63 10
17 11 9
13 59 4
10 66 4
22 31 1
24 1 10
34 61 8
20 59 9
24 22 8
25 65 5
5 51 2
1 72 5
25 48 6
27 79 8
17 42 8
30 15 7
9 48 2
20 9 1
1 43 9
23 69 9
26 17 8
2 23 6
17 9 2
28 59 6
19 56 5
5 11 3
15 53 6
39 48 10
26 14 9
32 60 7
21 7 10
33 65 7
9 72 2
24 73 6
23 72 3
5 6 3
