300 97 276
21 5 1
35 18 8
15 73 7
22 53 3
2 52 5
13 48 9
10 66 8
15 42 3
32 66 6
30 34 1
8 80 5
31 33 10
38 16 8
21 19 6
14 30 5
6 24 10
2 20 4
23 29 1
19 63 8
16 11 3
9 3 7
8 69 6
25 1 7
35 22 7
26 1 8
18 14 7
10 33 9
2 67 2
22 60 2
15 4 6
6 21 2
11 77 3
30 51 7
30 6 7
28 60 9
26 71 4
19 73 1
23 79 1
4 37 4
21 34 9
38 65 4
30 78 5
32 71 5
19 58 8
20 12 3
27 37 9
16 32 7
3 75 3
15 7 4
20 21 3
23 43 10
31 73 5
26 19 4
1 5 2
25 29 9
19 42 1
11 50 7
16 58 7
10 22 2
31 60 10
36 73 9
21 46 5
34 55 9
18 68 10
13 59 9
34 77 5
30 36 4
5 20 7
25 59 4
14 31 9
10 1 7
1 52 3
9 45 7
22 31 3
3 9 10
4 22 10
34 9 7
22 50 7
12 11 2
29 43 6
19 66 4
3 27 8
3 13 9
19 16 5
10 58 1
31 45 8
25 21 5
34 64 6
33 29 9
35 64 9
20 61 3
17 38 3
40 45 6
19 61 7
8 52 1
10 3 5
39 40 10
20 37 1
17 14 7
16 76 2
16 45 5
35 78 10
4 16 4
18 67 3
23 61 2
17 65 8
35 20 3
13 68 6
29 77 2
38 7 8
38 1 10
2 65 10
6 43 4
37 37 6
39 1 6
37 5 7
11 65 10
36 16 6
20 32 8
10 6 1
34 41 8
4 36 3
1 1 9
29 33 1
35 6 3
16 38 3
14 70 3
11 73 4
10 27 10
33 30 4
18 28 1
9 11 10
3 71 7
33 45 2
20 23 2
4 30 2
11 24 3
32 3 10
25 72 8
31 64 5
24 73 9
23 1 9
9 57 3
7 9 1
2 30 3
12 64 5
29 76 1
22 35 2
28 31 2
34 62 1
20 13 5
4 18 1
11 55 2
24 75 2
7 49 6
38 65 1
34 74 2
9 71 3
34 4 1
26 5 1
20 9 6
38 4 6
9 19 5
27 78 1
2 72 2
38 48 8
25 12 9
37 1 1
32 30 2
15 15 10
28 22 1
21 37 10
10 57 6
22 69 7
33 35 4
16 32 4
23 20 7
19 46 3
34 62 8
10 19 5
33 59 3
25 24 9
14 48 1
2 42 4
36 19 8
36 74 2
36 33 4
34 52 7
29 21 7
31 15 2
29 8 8
36 42 8
1 65 3
21 75 2
30 70 3
20 2 9
31 50 6
29 58 1
22 55 1
11 9 2
22 4 1
22 69 1
17 27 2
7 32 7
1 2 9
38 45 9
39 56 5
2 70 5
18 42 10
12 31 5
23 67 8
16 3 4
38 46 2
34 25 3
22 48 9
28 30 7
5 49 6
11 33 10
26 29 1
22 73 7
34 69 10
1 39 1
16 8 6
15 12 8
35 23 5
21 72 3
13 71 3
1 25 9
1 77 3
31 5 6
26 33 1
26 2 2
21 5 10
30 18 10
31 6 1
38 46 1
34 49 1
38 55 6
1 46 10
36 29 2
40 65 6
36 10 3
25 18 7
28 37 8
38 64 2
8 21 9
35 38 9
12 10 10
25 13 1
15 71 10
4 57 6
5 71 5
26 39 9
22 25 2
27 37 7
29 32 7
38 65 8
25 23 2
24 68 7
6 67 2
40 58 1
28 41 4
29 50 7
17 16 7
37 54 3
23 28 1
5 71 10
36 57 2
1 12 8
2 33 7
1 30 9
20 34 7
2 56 10
21 27 3
30 39 1
5 58 2
7 9 9
22 48 10
10 75 3
14 21 8
23 73 1
39 20 7
35 27 10
40 75 8
24 46 1
15 29 10
22 51 7
34 42 4
32 7 6
8 55 4
19 75 1
35 4 8
5 5 9
7 13 5
13 62 3
9 10 4
16 41 1
6 65 4
30 8 9
29 17 8
