300 71 222
2 23 1
34 23 5
12 59 5
30 73 9
22 78 2
20 48 9
17 56 2
9 79 4
40 31 10
15 69 10
2 40 5
39 63 10
40 76 10
16 31 1
12 16 6
22 76 10
36 23 9
1 18 10
7 3 5
6 64 9
39 46 10
23 6 1
36 8 9
24 64 10
38 74 1
24 72 1
35 76 6
1 19 7
36 77 10
33 74 3
39 19 4
29 12 1
22 17 8
5 10 4
8 65 10
11 27 8
19 18 9
7 22 3
2 79 9
18 31 2
27 24 1
12 50 1
25 21 9
17 57 6
15 24 4
16 52 6
1 19 1
23 47 10
21 2 9
34 52 5
31 54 1
6 23 3
12 64 10
35 28 9
11 44 4
23 70 2
5 70 5
26 15 7
28 34 4
11 75 6
29 41 9
38 46 9
28 25 3
29 23 7
2 43 5
19 54 6
24 49 2
38 72 4
25 45 3
3 57 5
13 52 7
17 26 4
16 12 4
22 3 2
39 73 2
20 10 5
37 13 6
1 48 9
36 73 7
28 17 1
24 80 9
24 30 7
19 29 8
11 6 1
11 72 3
11 34 7
2 30 2
30 1 2
19 77 2
14 71 2
6 59 1
6 75 7
6 40 9
21 14 6
5 7 4
34 80 2
14 69 4
12 61 2
3 11 10
5 50 1
9 4 5
31 16 6
16 55 7
13 64 7
7 3 7
40 3 5
10 27 1
2 78 8
31 52 10
6 14 9
35 23 3
24 56 3
6 60 2
27 44 9
28 57 1
35 6 7
2 38 9
13 56 1
18 64 2
13 60 10
19 36 1
4 1 10
5 50 10
10 29 5
3 44 8
35 39 1
37 29 7
35 23 2
2 71 3
25 70 3
39 44 10
37 20 1
29 24 7
16 1 2
5 19 4
39 5 4
35 24 5
37 48 3
16 47 5
36 60 7
13 42 6
28 41 5
30 32 10
30 72 1
37 37 8
20 65 9
24 22 9
23 72 9
13 34 5
7 29 3
28 1 8
36 60 1
7 18 6
10 26 4
24 49 2
31 4 10
13 50 2
39 74 10
36 55 9
10 49 7
21 33 10
26 65 8
10 9 1
20 16 7
38 75 9
9 47 2
8 17 7
9 65 8
33 3 9
19 54 3
7 28 3
24 25 2
10 77 4
4 13 3
9 41 9
17 14 4
6 71 2
32 63 3
25 66 9
2 22 10
14 47 8
21 74 5
37 2 1
32 31 8
4 43 5
29 71 1
5 44 4
10 46 9
29 7 3
28 8 2
3 78 8
38 37 5
31 60 4
21 1 10
37 74 2
34 1 6
33 21 9
5 79 6
23 45 2
8 2 8
16 57 1
22 19 1
37 77 3
13 70 8
13 46 2
34 55 4
34 63 5
40 25 5
7 13 3
37 62 10
8 18 4
32 19 7
22 35 1
6 6 10
14 10 5
5 54 9
11 12 8
32 44 5
32 60 5
15 72 9
29 69 7
19 56 3
39 17 3
10 76 9
7 22 2
21 36 4
4 28 10
31 40 10
3 49 3
14 8 2
15 27 4
13 25 6
6 38 10
37 5 1
32 30 4
2 9 3
17 34 7
38 70 6
17 80 1
35 15 3
40 15 7
18 36 10
13 75 3
35 12 8
8 76 3
29 61 10
12 55 7
29 71 5
11 49 5
1 44 7
21 74 8
8 30 10
15 41 1
25 22 2
25 56 2
17 8 3
25 62 2
33 71 9
12 51 7
39 41 9
17 12 5
33 3 4
28 40 4
28 70 10
14 45 1
31 55 8
38 24 9
3 55 4
5 55 7
18 9 1
34 28 1
27 42 10
12 66 10
4 78 4
19 72 8
40 42 1
10 58 4
7 43 9
7 61 8
10 14 6
38 14 1
9 61 2
40 18 8
28 73 3
33 32 4
4 73 4
36 39 10
5 59 9
3 21 3
20 66 4
8 34 1
33 6 2
13 51 4
9 30 5
37 48 1
36 9 3
31 51 4
35 49 2
40 14 10
28 4 8
