350 98 254
33 33 4
25 8 2
25 21 3
35 28 10
11 23 7
36 16 3
8 40 2
31 31 8
24 77 2
11 5 4
36 73 7
36 76 9
21 55 6
23 14 3
23 48 4
37 53 5
37 37 1
8 58 7
22 77 9
39 9 7
23 50 7
5 62 1
11 46 10
28 44 4
37 61 5
12 60 10
33 75 9
22 30 7
27 32 9
35 68 9
10 31 9
26 55 3
22 55 4
20 18 6
34 25 9
36 27 1
10 32 5
20 39 5
13 30 9
25 67 5
19 65 8
8 52 2
10 32 5
32 21 1
34 8 6
21 78 4
15 55 8
29 38 6
15 3 8
15 14 10
19 61 9
10 80 4
15 23 6
40 7 3
2 51 8
28 31 10
13 10 4
12 5 2
36 46 1
28 11 7
38 10 7
37 25 6
31 51 3
6 34 7
4 41 8
40 38 4
14 27 1
35 79 7
15 56 6
36 13 8
27 18 10
14 64 9
12 64 4
20 5 2
14 36 5
38 53 8
8 14 5
26 28 1
10 6 4
39 45 4
16 18 8
38 64 2
20 15 7
21 32 8
33 14 9
38 26 8
16 48 5
39 72 5
22 57 6
21 44 2
24 13 10
24 22 9
6 66 5
32 45 10
2 78 10
19 77 3
3 34 10
13 72 3
8 48 10
17 58 1
31 74 9
21 13 4
16 54 9
26 63 2
8 22 3
33 38 5
9 9 8
36 72 8
3 7 8
7 48 3
31 65 3
36 37 3
2 41 8
12 44 9
21 17 9
18 15 6
22 3 10
27 68 7
34 39 3
2 61 7
18 36 8
35 38 1
39 37 6
40 24 9
3 43 10
14 64 10
31 73 2
37 43 4
21 67 3
14 3 6
14 42 8
1 65 5
12 19 7
17 1 7
28 70 7
11 61 2
39 57 2
37 40 6
14 5 1
39 14 5
24 62 9
4 66 7
19 57 8
32 48 2
29 2 5
10 22 4
33 65 1
8 41 9
33 56 10
40 58 2
13 57 7
3 33 7
30 2 2
1 70 2
11 64 1
2 13 8
16 43 4
18 50 3
20 15 10
13 66 6
35 14 7
39 80 7
27 59 1
17 61 5
40 47 6
7 1 9
11 7 1
36 63 4
13 28 4
35 34 6
39 69 9
29 24 5
38 18 2
40 51 7
18 26 4
40 3 8
22 5 2
40 62 8
13 56 2
20 52 8
20 57 4
4 58 8
11 45 8
8 50 10
21 60 2
25 35 8
19 15 7
21 62 7
31 66 10
32 35 1
1 45 1
25 21 5
19 13 7
3 45 3
8 2 10
3 61 2
7 56 10
12 26 10
22 66 2
19 46 4
21 6 3
31 51 3
1 16 7
19 73 4
26 15 5
38 77 8
18 30 3
6 33 8
13 27 4
9 14 1
37 27 2
22 78 10
21 39 3
6 31 2
33 27 8
12 14 8
35 14 10
30 9 2
11 4 8
34 73 4
29 32 5
15 31 2
5 23 3
24 77 9
8 65 9
7 22 8
11 38 9
17 47 1
32 7 7
30 49 10
37 66 9
26 25 1
38 44 7
21 22 3
6 67 4
4 17 7
36 75 9
25 18 6
32 71 4
18 41 4
28 11 3
36 80 5
9 3 2
30 22 2
30 80 2
10 38 4
31 59 3
39 64 6
14 63 8
18 51 1
34 35 2
25 78 1
2 9 9
21 41 3
35 68 2
12 47 1
26 15 10
18 16 1
16 8 2
8 40 4
36 48 9
16 14 10
31 51 1
13 13 1
9 21 8
9 73 6
32 20 2
26 3 9
3 3 3
29 45 9
37 45 6
6 20 8
7 57 7
27 52 8
22 58 9
4 70 9
19 30 5
36 44 10
21 40 4
21 19 2
26 3 5
12 72 3
15 47 2
24 21 7
11 52 8
21 62 5
25 67 9
11 21 6
7 29 6
5 64 2
22 36 7
3 15 1
19 21 9
8 55 2
40 11 1
36 36 3
2 19 3
15 70 1
7 10 6
4 61 7
31 43 9
38 31 10
8 32 5
37 27 9
13 48 9
5 66 1
1 56 2
35 42 10
19 19 4
3 26 3
29 72 6
22 28 7
31 50 4
11 17 8
5 33 6
26 51 10
5 14 1
11 47 5
2 32 9
40 31 3
24 31 10
32 7 8
21 40 2
35 67 4
2 71 2
34 73 7
24 26 9
17 33 10
9 23 8
32 52 10
1 38 8
19 29 8
12 47 5
35 51 2
2 7 5
7 69 2
33 70 4
18 53 10
31 18 6
33 23 4
18 73 10
17 48 10
2 78 10
8 55 1
38 60 7
20 58 4
11 22 6
25 49 2
38 20 9
8 34 3
