350 124 302
7 64 3
12 72 10
38 41 3
31 20 1
38 27 5
26 7 2
20 54 4
40 11 8
8 79 6
22 59 9
9 1 5
15 71 10
40 46 6
26 47 9
31 16 5
10 16 1
26 64 4
17 31 4
40 21 9
26 79 3
40 64 5
35 46 7
9 56 5
31 61 8
17 5 8
16 64 5
32 21 6
2 52 6
9 24 1
36 69 3
8 71 6
16 55 3
27 68 4
23 63 9
24 17 6
5 61 4
10 61 10
11 14 3
32 44 5
3 26 6
31 23 4
18 53 2
8 54 10
34 68 6
13 61 9
21 56 3
40 45 5
15 59 3
13 70 6
6 32 6
36 28 6
8 51 5
38 75 8
36 42 3
20 40 4
30 67 2
13 10 10
31 80 7
18 72 2
16 5 7
38 48 9
23 20 7
12 54 2
33 21 3
2 22 10
26 20 7
24 37 5
40 51 9
7 31 4
34 37 3
22 42 6
26 25 3
15 45 4
34 35 5
21 61 9
12 6 9
13 13 9
9 17 4
24 77 1
9 51 4
33 67 9
18 17 1
13 40 4
2 9 4
13 41 8
35 5 1
31 30 10
28 48 3
12 21 4
7 31 8
12 12 8
7 47 4
12 49 10
8 64 5
6 65 3
24 70 6
5 48 5
10 18 6
17 14 7
34 39 2
7 56 9
1 14 8
24 59 1
16 26 9
27 52 2
35 39 10
9 75 8
15 75 8
34 76 3
11 25 4
30 72 4
21 26 4
20 12 4
34 32 1
3 79 6
20 71 8
8 9 1
28 46 2
28 80 7
4 27 7
35 8 4
31 9 10
33 75 3
31 32 4
18 35 10
32 14 7
28 22 3
12 11 5
28 15 6
14 9 6
27 19 7
5 45 5
4 13 10
2 79 2
33 52 8
38 34 7
5 35 8
31 71 8
17 45 4
15 80 10
28 43 9
33 36 7
34 4 10
14 5 3
7 15 4
16 78 6
37 19 4
2 2 8
4 36 1
21 68 2
9 60 3
25 56 2
33 7 3
17 49 2
2 12 3
33 33 3
2 63 3
32 14 6
20 24 5
40 1 6
6 51 5
12 58 7
10 45 3
32 17 9
5 71 4
25 54 5
37 25 1
21 78 7
37 12 5
8 70 7
20 26 10
25 79 5
38 55 4
20 41 8
11 77 3
38 51 1
21 45 10
25 11 2
17 14 1
36 28 7
36 45 2
25 49 10
36 61 1
37 37 4
29 63 2
24 43 8
2 19 1
33 50 9
17 44 6
12 61 7
24 50 3
23 57 7
26 45 4
25 63 8
8 42 4
23 45 5
1 71 6
28 43 9
34 60 1
1 33 10
36 3 5
4 20 5
12 15 8
8 45 5
5 3 5
38 65 3
22 18 1
3 7 5
3 58 8
19 15 6
11 5 4
4 55 6
2 40 3
23 40 7
9 63 2
40 27 6
28 63 5
14 46 9
40 48 10
7 52 10
21 48 2
25 4 3
18 22 4
5 62 1
17 19 5
13 15 2
14 13 3
24 69 10
26 28 10
40 61 7
17 20 4
36 30 2
28 66 9
24 60 9
11 69 8
27 36 5
40 72 9
37 25 1
26 13 8
18 43 3
15 73 1
5 79 9
36 49 5
35 41 8
8 17 9
34 62 1
36 25 7
25 37 1
40 60 9
35 16 6
27 67 1
37 7 2
32 40 4
28 71 7
6 56 10
10 50 10
28 4 2
8 70 2
11 4 2
38 56 1
31 23 10
18 5 6
18 55 5
3 39 10
19 28 5
10 49 2
37 29 5
32 53 6
7 20 10
32 40 2
22 68 10
5 39 10
13 24 1
16 49 8
21 24 9
24 30 10
8 74 8
18 23 4
40 63 10
25 69 5
21 9 10
3 19 2
37 7 4
20 11 10
4 62 3
38 54 10
31 37 5
26 80 8
20 41 10
39 44 9
34 46 6
16 67 6
15 27 10
33 65 7
23 46 1
2 26 7
40 53 2
18 21 1
4 80 6
11 12 7
6 44 6
17 14 3
23 24 6
14 80 7
30 4 10
18 66 9
20 54 4
9 29 3
22 16 4
32 40 4
10 57 3
23 51 5
1 51 4
26 70 9
4 46 6
24 49 2
9 53 7
36 16 10
30 64 4
38 40 1
12 30 6
38 1 7
7 32 6
18 53 2
23 55 6
35 39 10
7 17 10
27 80 9
35 62 1
34 23 8
22 74 9
10 56 5
24 34 8
2 73 9
37 42 8
19 54 3
19 20 7
26 31 6
18 74 2
40 64 8
35 49 2
26 31 8
37 15 10
19 62 6
15 1 9
24 37 9
18 3 10
1 8 8
37 7 5
22 20 6
