350 68 134
6 5 8
9 52 1
25 69 5
5 44 7
3 64 6
39 59 3
11 20 7
4 8 6
35 66 8
40 13 2
7 44 2
34 66 10
32 73 5
28 34 9
21 10 8
17 21 5
18 69 6
12 3 10
35 9 10
39 65 6
21 43 6
5 76 8
28 72 2
6 76 7
14 72 1
37 57 4
34 24 10
4 50 10
33 66 3
38 53 5
24 5 9
36 21 7
3 31 8
11 10 5
36 46 1
27 67 1
9 17 6
17 16 6
29 19 3
7 37 1
38 71 6
4 41 6
11 71 1
30 3 2
17 71 3
27 57 4
38 64 10
17 35 7
24 25 1
19 4 3
35 75 5
22 1 2
8 38 9
4 40 1
34 11 6
2 55 10
21 75 1
8 46 6
23 72 1
29 64 9
3 53 8
3 25 9
5 51 3
27 30 4
20 55 3
2 42 1
10 4 5
36 34 6
33 80 3
25 77 6
26 44 3
2 34 5
36 4 5
32 15 5
12 57 9
16 58 5
9 42 3
12 54 8
14 62 8
28 14 6
7 44 4
9 75 9
39 49 2
35 21 1
3 42 4
10 47 2
2 22 4
31 80 10
17 52 8
12 37 10
9 7 5
40 10 8
24 30 7
18 37 7
33 38 1
1 65 10
39 52 3
25 28 10
20 50 10
35 23 1
19 66 5
15 7 1
34 32 4
10 52 6
22 77 6
10 65 2
13 52 10
35 18 4
10 76 6
21 75 4
4 59 7
11 48 1
19 80 3
39 24 5
9 4 4
12 47 8
8 34 4
32 19 9
25 37 8
1 68 2
34 80 4
29 38 1
30 27 6
20 17 1
20 42 9
3 17 3
1 7 3
5 21 9
37 58 2
37 43 5
9 53 3
11 29 4
20 60 4
34 72 7
23 67 7
27 10 8
36 30 6
31 65 3
16 14 9
6 22 4
39 15 5
16 60 10
16 70 1
34 53 4
5 44 8
11 32 5
36 24 8
24 52 10
31 41 7
8 4 3
30 29 10
37 21 1
12 33 8
31 62 4
35 62 4
12 20 8
25 5 6
18 52 1
31 21 5
32 24 2
33 10 1
8 10 3
38 72 7
9 68 6
32 44 6
38 54 5
24 49 7
12 17 10
40 55 2
8 3 2
15 42 3
5 79 6
39 3 9
25 51 9
3 6 6
22 47 3
26 36 3
33 57 2
15 68 2
7 58 9
4 61 4
13 48 9
11 36 4
37 22 10
4 23 10
5 4 10
9 75 5
21 47 9
1 30 9
17 18 4
3 69 6
12 45 6
39 59 5
22 11 8
11 7 7
9 5 5
37 17 10
31 77 9
13 54 2
32 30 4
33 57 2
3 75 6
14 68 10
22 4 4
36 28 1
15 10 6
34 60 9
15 33 7
25 61 7
36 20 7
20 78 4
27 57 7
16 38 10
7 60 6
34 9 3
11 63 4
3 25 2
8 76 4
1 13 5
39 9 5
18 43 4
33 14 7
35 24 7
17 65 6
14 19 2
14 44 7
30 49 10
34 25 1
19 73 6
18 40 5
39 51 9
28 32 5
30 27 1
37 29 5
12 26 6
28 55 8
28 60 7
12 61 2
36 40 10
2 52 9
2 21 4
7 20 1
17 43 1
17 73 6
24 78 1
3 78 2
22 7 2
8 3 9
9 13 6
26 5 6
23 57 9
40 16 4
34 38 6
39 28 7
20 52 6
6 77 3
7 29 3
20 76 2
24 22 3
38 20 6
26 12 7
22 47 6
26 22 3
31 17 10
24 13 3
31 67 4
18 43 8
2 44 5
17 2 3
12 65 4
3 42 5
39 7 6
6 2 3
20 12 7
22 38 3
18 67 10
2 66 9
26 39 5
29 75 8
34 40 8
16 54 8
9 7 6
8 75 4
18 15 5
25 54 5
31 50 7
27 71 6
7 77 8
24 27 2
37 41 8
25 59 5
40 34 1
40 76 7
9 14 4
21 6 10
11 56 8
7 59 1
39 45 9
11 60 7
35 51 4
38 77 6
31 56 3
12 3 6
40 78 10
29 35 10
34 67 1
13 66 6
13 50 1
12 27 3
2 72 2
2 57 2
13 21 6
35 6 9
30 51 4
30 8 3
1 22 9
24 25 4
17 7 7
14 42 8
32 59 5
35 72 4
21 37 3
6 42 1
4 19 6
20 15 7
30 30 5
13 78 7
12 20 10
31 47 10
10 15 9
11 80 5
38 44 4
5 76 8
32 36 10
7 69 3
10 22 6
37 62 10
30 22 5
2 11 10
36 28 3
30 80 6
35 74 10
18 65 2
17 55 9
28 3 9
1 1 5
3 6 1
36 17 7
39 54 2
40 18 9
