400 51 205
34 1 3
7 55 5
26 68 2
39 32 4
14 9 9
36 6 2
22 71 4
33 74 3
18 66 4
31 6 1
10 27 8
36 2 9
37 6 3
23 71 4
12 42 5
22 64 7
21 52 5
30 14 8
18 58 7
5 61 3
27 78 2
4 47 10
11 35 7
23 60 4
32 65 7
28 9 5
36 16 6
1 31 3
23 74 5
20 10 7
9 75 7
33 9 1
2 26 1
16 1 8
24 79 6
2 14 3
32 34 1
38 65 3
31 46 2
16 28 3
31 44 3
40 75 10
34 39 4
14 32 5
13 76 8
10 31 1
3 39 10
27 3 9
7 43 6
2 6 4
33 10 6
24 28 10
15 36 8
18 68 2
35 74 10
13 52 1
38 19 4
30 49 10
40 27 4
32 42 3
21 65 10
24 70 5
13 56 2
21 51 5
40 11 2
11 71 3
39 4 8
40 34 6
6 58 4
23 60 5
12 25 7
34 67 2
16 8 5
4 14 2
13 58 2
21 37 4
12 7 6
3 50 1
2 52 8
16 64 7
40 69 4
2 43 3
8 46 1
17 19 7
27 14 9
22 4 10
34 2 5
5 58 1
16 33 2
19 67 2
18 50 9
7 38 1
10 34 6
20 41 8
26 2 5
20 26 8
1 4 8
37 75 4
2 72 7
33 77 5
16 46 2
28 22 5
26 12 4
21 54 9
17 67 1
10 17 10
30 42 2
33 76 10
21 26 3
24 38 4
15 16 10
38 33 7
39 14 3
40 77 6
31 73 4
39 78 6
37 18 6
18 15 5
28 32 7
1 19 7
38 73 4
22 19 8
8 11 6
28 43 5
6 42 5
21 61 1
25 12 9
4 72 6
32 20 6
22 38 9
13 75 10
5 28 8
22 72 1
3 35 7
30 8 5
1 3 7
30 50 9
14 43 5
14 64 4
1 27 3
4 73 5
36 34 4
38 43 8
9 59 10
15 32 6
29 13 6
34 29 9
28 31 6
4 49 9
22 18 1
36 4 9
27 39 10
36 20 8
14 20 4
35 67 8
35 32 2
17 26 9
10 2 1
30 36 7
2 55 2
3 64 4
27 16 7
26 51 1
19 10 8
35 15 1
4 45 9
20 44 8
11 62 8
22 8 10
18 53 4
21 13 3
16 21 1
8 54 2
26 57 7
3 12 3
33 20 2
2 19 6
23 29 10
26 53 5
26 48 3
22 59 5
19 73 10
28 77 2
16 20 4
6 32 2
9 58 8
35 55 8
25 80 2
32 74 1
29 67 10
21 54 7
6 51 6
2 20 1
5 63 10
19 30 9
6 51 2
2 14 7
12 22 7
2 71 10
17 44 6
30 41 10
29 80 7
4 17 7
21 36 8
29 71 1
13 6 7
5 46 8
6 19 2
40 8 5
29 60 2
4 73 4
24 28 10
15 22 5
23 37 3
19 62 8
4 12 9
3 26 5
17 25 7
12 72 2
29 59 3
2 58 4
21 62 2
9 36 1
9 40 2
26 58 2
18 68 5
13 69 1
19 69 9
23 22 8
16 16 5
26 57 3
1 62 4
31 41 7
19 76 3
38 70 9
15 73 10
5 56 2
2 10 10
21 33 6
12 78 7
14 79 4
26 6 2
2 46 5
10 22 9
23 66 6
21 33 6
19 36 5
38 65 6
8 29 3
14 43 6
32 57 5
10 42 2
5 71 2
11 1 8
18 74 7
36 42 1
21 53 7
31 62 2
28 41 6
5 70 10
30 39 10
39 18 5
17 23 4
1 38 3
10 9 6
18 66 4
16 12 10
28 19 7
40 59 10
32 79 8
9 24 2
18 76 1
24 63 10
34 32 7
38 6 6
8 35 8
1 21 2
37 6 9
24 79 4
26 53 6
28 31 1
21 19 9
33 15 8
11 65 7
39 1 8
30 13 5
34 62 10
10 46 7
28 44 3
1 36 5
39 31 2
2 10 4
23 3 2
26 21 5
25 71 2
35 30 5
27 35 9
39 45 2
29 64 9
1 35 2
38 80 4
21 5 3
21 42 8
7 73 8
10 75 2
11 51 3
28 79 6
14 22 10
6 9 5
18 31 6
28 20 6
32 53 7
1 35 5
27 62 8
7 9 4
7 58 5
3 31 5
30 27 7
5 21 9
9 40 2
24 23 1
24 60 4
23 51 8
30 53 1
9 14 4
2 28 4
25 6 5
27 37 4
38 78 3
13 74 6
38 74 1
2 48 3
13 26 1
25 36 4
28 25 5
30 34 2
18 63 6
27 11 1
10 42 6
32 16 9
24 70 2
13 20 10
24 41 2
21 66 9
10 69 2
30 18 10
17 56 1
39 20 10
15 9 6
1 63 2
9 26 3
2 70 1
19 56 7
12 71 1
30 72 8
12 33 3
38 27 3
10 69 10
39 3 1
40 46 7
32 47 4
38 1 1
2 78 10
9 73 8
1 74 6
3 7 9
11 47 8
38 65 9
4 60 4
13 55 10
14 14 5
35 64 3
38 61 3
32 60 9
9 65 5
19 67 5
37 41 10
15 56 5
2 72 8
1 40 2
13 42 6
8 69 7
11 3 4
23 74 8
23 52 1
28 37 2
33 52 1
5 2 9
18 19 2
36 46 9
9 43 7
13 43 9
16 1 5
16 66 8
19 78 5
32 24 1
10 80 5
18 78 7
1 46 2
12 33 7
