400 192 267
24 73 2
25 53 1
25 61 7
8 43 6
31 80 3
13 65 10
17 70 10
30 28 6
36 73 1
28 23 9
14 5 7
35 22 7
31 54 2
25 22 7
17 71 5
36 43 3
18 15 9
32 72 7
19 32 5
2 4 1
15 65 1
12 57 4
4 28 8
20 71 7
26 77 2
18 71 2
12 36 10
10 59 7
8 2 8
35 22 5
17 21 3
4 31 6
12 22 1
37 71 4
2 80 1
40 48 3
17 70 10
10 14 9
22 21 10
40 11 2
36 37 3
32 80 9
4 29 7
3 34 3
15 24 2
22 59 6
28 22 2
31 68 8
40 11 3
13 72 3
26 28 4
35 59 10
3 66 1
24 16 10
25 34 2
10 25 10
18 25 1
21 5 8
10 58 3
7 9 9
7 57 4
21 48 6
26 80 5
15 24 1
27 12 10
9 65 3
19 9 6
22 66 5
30 57 1
28 12 3
22 12 6
37 79 9
24 41 10
33 74 5
8 4 10
22 19 7
20 23 10
7 48 8
27 60 5
6 18 8
5 56 7
15 79 2
2 28 8
37 32 3
2 47 2
10 4 5
35 64 3
7 29 2
26 73 1
40 32 6
30 74 4
17 25 6
40 31 7
12 54 10
25 45 10
7 22 3
3 28 1
39 5 6
18 70 7
31 70 6
13 13 10
12 76 10
20 34 9
40 69 3
2 73 3
22 47 6
18 16 1
37 43 6
10 46 3
17 69 1
1 62 6
16 50 3
29 22 4
4 60 4
7 79 4
9 32 7
16 65 1
32 28 9
23 27 3
35 44 3
33 34 1
23 7 1
37 30 10
31 49 1
22 64 9
24 68 6
17 27 9
36 36 4
17 57 10
12 55 5
6 2 7
4 27 6
31 54 10
35 80 6
29 66 7
9 19 10
9 24 7
39 30 1
18 50 9
40 6 10
6 46 4
4 51 5
21 23 10
37 47 5
3 68 10
36 35 5
2 39 8
26 15 2
13 19 1
10 28 5
22 16 5
36 59 6
4 61 6
17 10 6
7 22 5
7 32 7
36 5 6
31 20 10
17 12 2
24 39 2
19 7 7
29 17 9
16 10 9
10 34 8
40 51 1
2 76 2
34 23 2
6 75 3
29 14 7
28 57 4
27 34 3
6 72 9
22 57 9
26 29 1
38 61 5
29 64 10
5 27 9
13 58 6
7 63 6
9 5 7
33 68 9
39 10 2
15 1 2
19 39 2
40 9 7
6 25 1
35 58 2
6 19 10
32 44 9
26 58 10
13 42 9
7 30 10
18 65 4
38 12 2
25 76 8
28 16 2
3 5 4
4 55 10
12 59 8
29 41 2
35 35 7
36 74 8
39 30 10
6 34 5
13 55 3
27 71 6
8 10 2
15 71 7
26 21 9
21 40 9
6 29 2
29 33 1
34 80 2
1 6 4
14 43 7
37 34 6
35 54 8
36 50 2
39 46 3
7 8 6
15 21 10
8 37 7
3 16 9
36 68 6
25 43 1
9 42 9
12 48 1
14 76 8
21 12 1
30 76 10
11 45 3
37 18 10
20 66 5
21 5 2
20 3 3
31 69 5
22 46 3
37 7 5
27 38 4
13 47 10
36 6 7
26 4 8
11 63 6
29 18 6
15 51 8
6 52 8
13 23 8
29 53 6
38 72 8
27 5 3
22 79 7
27 37 7
11 2 10
33 1 1
20 8 4
9 39 5
18 28 5
31 70 8
14 73 5
34 44 1
20 36 6
38 15 3
14 71 8
35 46 6
33 32 5
26 61 10
39 79 6
3 62 10
38 9 10
3 32 5
36 77 9
18 52 6
21 63 7
9 2 10
32 56 9
38 30 5
23 9 2
32 17 1
6 22 3
34 48 10
27 7 1
22 58 8
17 2 5
33 66 9
24 38 8
34 67 3
27 48 10
22 38 10
25 70 6
17 57 4
24 31 4
29 62 5
24 56 9
11 27 9
31 74 2
34 4 2
9 23 2
2 21 5
32 2 3
26 44 8
1 23 1
34 64 10
25 65 3
15 32 2
15 77 8
3 8 6
40 7 8
25 30 8
29 54 7
22 34 4
38 3 7
37 16 4
19 27 8
22 55 7
25 56 4
5 60 7
31 58 3
12 2 8
4 47 9
16 24 9
26 40 1
28 14 5
29 47 2
32 31 2
29 67 8
32 54 4
15 27 6
17 65 7
35 67 8
8 15 9
3 38 4
3 39 5
29 56 6
10 77 5
37 64 2
13 37 3
4 14 7
22 11 1
34 64 3
17 47 5
9 30 8
9 55 1
7 69 3
21 4 7
40 33 3
35 54 8
16 77 3
37 76 10
14 28 9
40 54 5
18 69 8
37 38 10
35 56 8
31 3 6
34 56 2
11 70 6
16 73 1
34 27 3
21 79 5
1 24 4
11 38 1
39 73 4
29 64 1
7 7 8
4 21 7
36 49 10
21 59 6
1 79 6
36 53 4
4 17 6
7 70 6
19 70 2
3 78 4
6 70 5
11 40 2
20 69 6
29 20 2
35 78 4
3 2 3
40 57 5
36 50 4
26 15 3
13 79 8
36 41 7
4 79 9
36 56 5
17 35 7
37 5 10
28 56 9
13 58 10
28 79 5
33 30 5
30 42 3
19 44 10
18 36 8
33 73 7
3 74 6
14 54 9
21 24 7
9 52 8
