400 29 329
21 25 7
37 54 3
28 16 1
1 20 1
20 45 6
32 3 6
38 73 7
31 68 2
2 75 5
12 54 10
39 24 8
37 36 8
31 55 8
22 66 6
6 38 9
22 73 2
32 49 7
40 77 8
5 62 8
33 49 3
3 13 1
6 58 7
25 49 5
22 11 6
12 6 3
38 1 6
33 33 10
24 44 10
1 68 10
22 11 1
13 33 2
28 52 9
25 27 5
36 8 3
33 21 7
39 58 10
25 43 1
9 13 3
37 46 4
2 66 9
32 58 3
2 76 3
12 22 8
3 24 2
5 44 3
1 75 3
13 59 2
4 54 10
6 6 8
10 26 1
40 13 10
8 50 10
26 25 7
23 13 7
23 63 2
11 27 3
7 67 9
18 33 9
7 11 10
31 49 7
37 37 1
11 27 8
3 16 2
34 33 5
25 64 9
6 8 10
26 80 3
39 54 3
39 40 9
31 38 3
13 51 4
9 51 8
4 77 7
10 38 5
29 28 2
15 77 8
29 8 7
29 6 9
33 65 8
23 63 1
32 34 3
21 42 3
39 36 9
9 29 1
22 22 9
10 28 6
30 2 3
1 79 1
11 43 4
39 19 7
5 65 7
19 36 8
10 41 8
36 64 4
19 80 5
24 67 1
34 1 10
33 26 6
31 19 3
37 26 10
29 62 1
2 80 2
9 19 8
16 75 5
6 45 10
36 63 5
16 11 9
15 2 4
22 3 4
23 75 5
12 8 6
28 41 8
14 14 8
24 38 4
29 36 1
6 21 6
24 67 6
21 31 7
5 52 7
36 45 5
21 71 6
1 74 2
30 51 1
27 52 1
11 44 9
29 3 10
13 7 6
9 61 1
22 15 2
40 32 4
7 58 6
2 24 9
31 22 8
24 30 3
16 55 7
7 55 5
11 1 3
37 79 3
20 19 9
27 1 1
37 23 1
11 39 6
12 23 5
27 14 7
18 77 6
24 29 5
12 76 1
8 1 7
7 70 6
10 38 9
21 8 6
7 2 8
3 62 9
10 10 3
37 72 8
13 50 4
35 56 6
30 80 7
17 75 7
33 29 8
11 52 4
23 54 2
12 13 8
24 18 1
11 61 4
35 68 9
19 42 6
22 22 5
10 32 10
8 67 9
17 53 9
3 15 6
18 19 6
1 42 7
3 32 10
22 20 10
27 49 6
9 37 4
32 13 3
14 17 9
33 14 2
27 41 4
26 58 9
39 55 8
3 39 1
10 79 7
35 25 4
29 66 10
24 58 6
20 72 9
3 70 9
17 32 7
16 71 3
11 74 4
33 15 7
26 71 10
40 49 10
39 27 6
13 71 7
36 62 3
21 33 4
23 66 10
13 37 5
6 48 6
38 5 2
19 24 3
23 68 6
26 54 6
6 79 9
33 34 5
27 72 8
32 44 7
29 18 4
17 67 3
33 39 3
22 35 9
6 14 6
3 10 9
4 48 9
1 42 3
3 11 8
10 18 1
7 29 9
24 21 9
13 19 9
5 16 4
14 80 3
2 1 4
33 64 3
20 7 8
12 74 2
22 44 6
28 21 3
17 13 7
18 10 5
33 6 3
1 24 4
22 31 5
7 63 3
32 2 10
27 22 10
31 13 10
22 11 1
27 15 7
29 40 8
10 58 4
1 28 2
37 45 10
14 18 9
35 48 7
9 39 8
11 65 4
18 61 10
15 74 10
8 30 5
15 63 1
11 23 5
5 28 1
20 7 1
38 65 1
16 72 7
6 60 2
5 24 8
22 21 5
38 80 3
17 52 6
18 59 10
22 46 2
11 1 10
36 33 1
34 35 9
35 76 4
40 22 3
26 77 2
2 39 2
28 49 4
39 12 6
18 69 3
12 40 7
27 39 3
18 17 10
18 45 8
35 41 10
22 71 10
16 31 10
16 66 8
8 36 5
13 34 10
25 72 1
31 35 9
35 62 8
1 62 10
35 9 1
40 60 4
20 43 7
20 68 1
39 55 2
20 9 3
1 27 9
23 59 6
13 32 8
22 55 8
32 8 5
30 4 3
37 18 2
3 18 6
40 80 5
5 25 5
5 43 2
25 23 1
25 60 10
20 14 9
31 7 10
20 15 5
12 46 5
14 31 4
28 46 6
24 2 7
31 57 7
8 52 10
31 16 3
11 79 7
17 61 7
25 63 4
11 79 7
16 21 6
36 36 3
21 19 9
35 4 6
13 76 9
26 17 2
36 69 1
20 56 10
15 63 9
19 29 3
2 28 1
14 52 8
28 13 10
11 65 4
6 49 7
30 79 4
11 14 10
14 4 2
16 12 8
24 39 10
31 52 3
31 23 8
1 62 3
27 40 2
6 36 10
5 61 8
19 68 6
32 32 4
22 6 10
16 61 10
21 69 7
35 75 3
36 25 6
30 67 1
9 78 8
15 17 3
15 18 10
6 48 2
20 21 4
25 76 1
14 49 4
34 1 7
21 20 9
38 52 5
30 77 2
19 41 6
19 25 10
10 72 10
9 18 7
16 68 6
27 58 5
11 72 9
25 80 10
10 62 1
1 36 3
31 24 6
13 79 10
10 16 7
40 78 7
22 58 2
18 55 8
2 46 7
36 18 10
15 68 4
9 23 2
12 78 3
4 74 7
25 29 2
37 36 10
13 77 6
33 13 10
1 14 10
25 27 1
11 72 10
40 57 10
