450 192 250
35 68 8
12 2 9
28 41 8
26 10 8
39 49 4
27 78 7
22 34 2
32 41 4
26 70 8
2 77 5
35 77 9
14 61 9
21 22 7
2 13 10
3 73 3
12 51 3
36 7 2
2 57 8
25 48 4
3 25 9
31 27 6
22 44 8
5 36 5
30 51 10
5 3 8
16 3 5
36 7 2
26 77 9
28 3 4
8 24 5
15 42 1
21 32 6
27 57 2
2 28 9
3 20 10
14 71 5
3 68 2
5 3 2
10 57 5
11 52 4
21 2 3
5 64 7
18 70 3
23 50 2
4 77 6
29 76 10
33 76 2
8 10 8
16 75 1
25 26 2
1 60 8
37 78 4
33 71 8
10 59 8
9 47 7
10 60 3
3 32 4
39 52 2
13 9 4
17 17 5
9 66 1
27 36 7
30 67 5
16 76 2
26 57 2
36 61 10
8 19 6
19 12 6
11 24 7
26 72 6
14 51 5
2 57 5
27 19 3
34 8 3
12 44 5
5 34 1
2 18 9
35 71 5
25 25 1
37 36 5
31 78 3
8 31 1
5 70 7
8 12 10
13 75 2
16 30 2
22 33 4
28 17 8
35 16 3
22 24 4
3 25 9
37 56 5
19 65 6
27 32 9
16 5 2
18 55 10
36 72 4
10 11 1
15 59 5
10 29 10
4 65 9
23 5 9
5 9 10
21 78 5
40 15 9
4 36 10
24 41 9
40 39 5
26 79 4
37 71 4
15 80 8
27 30 7
14 25 10
37 10 7
6 65 3
17 38 6
22 48 8
24 27 7
36 4 1
28 74 9
16 65 6
13 44 10
30 52 10
35 21 6
27 7 3
5 31 6
39 44 7
15 23 9
36 32 7
6 22 3
21 47 9
24 55 2
20 1 5
2 68 4
15 34 4
33 46 2
24 62 6
28 7 7
21 73 8
20 55 9
22 18 8
25 6 2
38 74 2
15 77 6
2 66 7
29 29 8
34 43 8
10 26 10
10 16 5
9 3 7
10 53 7
16 48 7
38 16 1
9 79 3
5 15 6
15 9 5
25 37 6
10 29 8
27 74 10
38 17 4
14 34 7
33 26 1
1 65 3
7 47 5
28 16 1
35 41 4
31 70 5
16 20 4
33 63 3
23 49 2
6 32 5
5 13 3
5 70 2
16 49 8
38 2 4
23 73 9
2 39 7
27 33 7
16 11 10
34 37 3
3 14 2
8 7 2
1 36 5
15 68 4
40 5 8
27 55 2
11 33 3
17 52 9
24 33 7
34 2 5
25 4 10
11 45 10
4 6 10
21 16 8
31 9 7
7 13 5
4 45 5
2 2 4
38 57 10
33 59 10
6 58 2
32 20 2
3 53 6
13 53 5
37 54 6
9 45 3
32 7 1
7 40 8
36 1 3
40 53 8
21 2 8
15 62 9
33 1 6
21 14 10
27 64 6
8 32 1
5 71 4
12 69 7
15 36 9
5 65 9
33 2 5
10 46 6
22 62 4
2 25 5
35 23 10
26 41 9
16 40 5
8 37 5
4 69 8
18 16 1
33 55 9
11 61 2
3 9 7
1 10 2
9 53 3
1 43 5
30 72 6
21 65 5
8 17 3
30 70 2
37 59 5
26 28 3
27 71 10
2 15 7
30 3 4
23 21 1
14 5 2
6 7 6
16 31 2
33 74 6
9 14 3
39 48 2
31 22 10
12 13 2
26 37 1
14 38 2
27 67 1
2 67 3
38 44 4
26 55 4
28 1 7
13 3 3
14 53 2
3 9 5
7 60 6
33 20 2
16 53 8
34 13 5
11 22 5
13 76 6
37 77 2
11 57 3
13 22 3
24 40 5
7 20 10
5 53 8
19 76 1
16 40 10
1 12 3
27 41 5
37 66 7
3 78 8
34 47 10
17 20 10
29 6 9
40 71 1
8 80 3
3 44 4
36 73 4
22 26 9
14 77 6
4 22 5
16 8 3
17 54 4
16 12 8
33 40 2
34 11 3
35 37 2
35 30 8
38 54 9
30 50 2
28 51 4
27 4 9
35 59 3
18 56 7
3 22 3
28 26 7
25 26 5
11 50 3
25 44 7
33 38 5
31 2 9
5 40 1
40 38 6
29 20 7
15 51 3
28 75 1
1 51 5
13 75 4
40 1 8
23 68 7
30 48 6
30 23 5
36 45 2
31 54 4
1 14 8
35 12 8
19 26 9
7 19 10
28 53 10
10 39 3
31 35 3
28 5 7
16 39 4
24 14 9
12 70 10
9 27 9
39 1 2
3 41 1
36 34 1
31 14 4
32 40 3
2 68 1
15 49 8
38 33 4
10 22 4
21 56 7
19 14 5
28 57 5
39 17 2
21 37 5
39 77 7
31 73 10
30 21 8
1 49 2
20 8 5
17 25 8
19 57 1
35 77 4
8 31 3
36 5 3
31 76 3
23 22 9
32 47 1
2 52 4
11 24 1
26 80 9
21 21 4
13 10 3
39 56 7
37 5 1
31 67 10
24 67 4
12 39 5
19 49 10
32 15 10
19 43 7
37 66 3
8 42 5
23 66 3
7 12 8
19 11 3
19 78 9
37 59 2
23 67 7
36 23 7
15 48 10
17 8 3
23 33 2
2 11 6
32 17 2
17 2 5
11 77 9
13 18 10
23 8 5
20 24 8
33 33 3
6 76 4
39 4 1
26 75 4
37 59 5
25 32 6
25 63 6
33 7 3
13 58 6
9 52 6
23 57 1
1 14 2
16 40 7
9 71 5
34 58 6
3 79 9
25 80 6
35 79 9
39 6 2
20 31 2
6 72 5
16 9 9
34 26 10
28 75 1
2 56 3
17 24 2
5 27 6
11 37 2
28 16 5
36 9 5
1 5 6
33 28 1
6 28 7
18 63 5
30 43 6
23 49 8
25 28 5
3 70 3
8 63 6
17 11 2
22 3 7
11 51 2
2 6 3
31 75 9
25 3 2
32 4 2
17 12 3
27 76 5
27 20 9
14 47 8
16 73 2
2 2 1
17 22 10
15 63 1
