450 81 308
6 40 7
3 78 8
15 42 1
35 37 4
34 4 5
35 41 2
21 2 7
25 35 4
22 14 2
32 12 1
18 26 4
5 66 8
32 43 3
37 25 4
9 56 5
7 36 5
18 12 1
14 1 7
2 2 5
35 58 3
3 26 3
2 42 9
3 48 10
7 28 8
33 55 6
10 15 6
2 49 9
12 7 6
19 11 5
7 68 10
34 60 4
29 35 8
1 2 7
19 73 7
20 3 1
27 2 6
12 6 6
19 5 8
7 15 7
3 14 4
29 36 8
30 59 2
19 34 10
23 79 4
35 34 4
12 71 5
9 32 8
35 59 10
26 56 7
38 47 5
20 75 2
39 5 1
24 52 3
24 15 2
25 18 9
1 58 7
8 69 7
37 68 5
12 15 9
39 12 10
34 57 6
25 35 1
31 43 2
23 17 9
18 43 8
21 68 7
37 42 10
32 69 7
7 53 8
31 62 4
12 18 5
30 54 4
25 12 9
16 56 3
26 61 5
16 42 9
24 40 7
37 56 5
24 3 8
22 32 3
38 46 9
36 46 4
1 75 7
4 55 4
35 65 3
1 45 2
25 66 2
19 65 3
4 51 10
28 75 9
16 71 8
32 1 7
8 35 7
9 50 10
5 52 9
10 23 8
38 78 8
31 51 5
38 63 9
11 52 3
6 10 10
12 64 3
11 40 4
22 78 6
3 3 3
2 56 7
10 25 4
30 19 7
23 46 4
32 71 9
1 47 4
34 38 6
7 11 1
5 35 3
24 1 7
10 32 1
35 30 5
3 31 1
4 5 6
12 77 10
18 63 1
25 19 2
11 50 7
28 12 6
36 15 3
31 7 10
18 61 3
5 40 9
6 47 2
12 42 10
12 10 10
5 80 5
21 76 1
18 16 8
1 46 1
37 15 10
34 69 7
13 13 5
23 79 4
2 35 1
22 32 5
10 10 5
13 74 3
6 74 2
40 45 9
14 30 3
3 21 5
5 10 10
13 72 8
34 69 1
28 71 7
17 72 10
4 72 8
11 52 6
17 29 10
33 65 10
4 54 6
18 30 7
34 52 7
16 7 2
4 14 10
37 35 9
14 18 6
33 44 10
40 67 3
27 46 2
28 24 7
15 78 10
21 77 6
37 15 7
10 40 1
4 73 3
26 27 10
9 47 9
35 67 2
11 36 8
13 52 1
6 62 7
3 69 8
33 50 8
5 10 6
8 78 1
40 50 5
5 57 1
26 8 1
18 75 2
25 52 5
17 32 5
24 43 3
4 1 2
39 19 8
27 10 3
37 5 6
31 52 4
22 39 8
9 70 9
16 13 8
12 19 8
21 78 6
4 23 10
29 58 3
40 17 3
12 33 1
38 71 4
7 79 1
39 44 9
33 12 4
10 57 6
29 76 8
18 75 8
8 32 4
35 1 10
26 20 2
23 17 6
11 46 6
26 55 3
11 62 4
4 13 3
34 41 1
29 31 10
14 14 9
2 48 4
30 11 5
14 5 10
14 44 10
23 54 8
13 54 5
20 36 3
31 8 4
40 38 2
30 49 1
38 51 10
34 41 1
1 25 4
31 35 9
37 25 1
14 47 7
1 73 1
21 60 9
33 36 6
26 70 7
22 24 9
1 49 7
7 40 1
30 74 6
19 7 9
10 4 9
37 31 3
18 54 9
36 33 10
40 71 8
14 38 2
38 45 1
2 75 5
10 32 1
15 10 5
21 75 2
1 36 5
24 51 1
14 23 4
25 19 3
15 25 7
33 52 8
29 36 9
29 11 6
14 33 5
17 61 7
1 78 1
15 45 6
40 42 10
13 43 7
19 8 8
32 56 5
10 59 6
2 76 10
31 24 9
28 45 6
4 28 10
17 77 1
21 67 2
26 2 1
12 36 5
36 9 3
8 56 5
32 56 6
40 72 9
4 6 8
7 31 4
38 24 3
5 70 3
28 27 8
21 35 2
26 56 10
6 31 10
28 4 7
30 44 4
40 67 1
5 29 1
32 41 2
5 79 7
25 50 8
16 28 5
27 4 8
28 1 3
17 43 9
32 65 7
18 41 6
20 43 7
31 60 6
6 79 4
7 51 3
33 13 8
24 36 7
18 26 2
17 76 2
24 29 4
20 51 2
24 14 2
37 34 9
10 48 5
27 41 3
22 38 2
23 56 8
14 33 6
33 53 6
26 61 4
28 79 8
27 11 4
3 58 1
13 73 5
10 24 4
18 61 7
28 71 1
3 80 9
38 15 9
27 6 10
9 21 5
18 48 4
25 73 1
14 8 1
20 3 8
40 42 6
17 59 2
28 50 10
34 26 4
27 2 5
9 20 7
2 40 1
12 75 9
23 57 2
35 37 5
5 48 9
19 52 3
15 56 9
3 25 3
27 32 6
27 76 5
9 60 2
19 39 9
20 9 2
27 2 9
34 17 6
25 54 10
16 77 8
29 75 5
24 70 5
38 69 2
32 7 8
8 27 3
31 33 3
40 9 3
9 76 9
14 60 6
30 73 4
5 45 10
3 35 1
29 25 7
30 49 8
21 65 5
27 27 4
27 55 1
37 52 1
16 25 2
17 61 2
16 16 4
38 29 3
23 49 8
8 21 4
34 46 3
5 55 10
36 16 6
15 31 1
36 12 6
2 24 10
26 49 2
32 5 3
22 38 3
4 1 1
34 36 1
14 69 6
4 72 4
9 55 9
11 55 7
12 5 9
23 67 6
33 24 7
22 6 4
38 40 4
15 79 6
11 71 2
8 76 3
8 76 7
23 29 8
16 80 3
11 23 1
34 68 8
11 24 1
3 55 7
29 58 6
27 14 6
37 49 1
13 8 5
1 69 6
31 28 9
19 51 9
32 16 6
15 75 6
26 42 7
40 14 5
34 28 3
22 66 1
5 73 2
27 56 9
13 66 10
20 20 9
32 40 10
29 19 1
14 74 6
36 54 9
32 63 7
34 44 9
13 17 10
21 73 10
12 6 9
30 43 7
34 24 8
11 52 6
18 62 7
14 59 2
39 29 6
