450 70 354
38 20 2
23 6 9
6 48 10
18 62 10
29 45 2
28 13 6
37 70 6
11 34 9
27 69 10
14 40 3
37 78 5
18 25 2
37 61 10
31 6 8
38 49 4
18 40 10
33 78 10
8 35 4
20 56 3
29 67 10
16 15 2
20 37 3
37 39 4
8 7 6
5 45 7
1 70 1
7 64 9
22 75 1
36 10 8
13 26 7
3 63 2
22 80 6
40 42 10
38 4 8
6 29 6
33 62 5
26 62 4
2 64 9
13 44 3
40 41 6
13 58 4
1 41 3
2 42 10
39 73 4
26 16 2
34 30 7
11 17 1
33 54 7
34 55 5
23 79 8
27 51 7
27 39 4
5 80 4
18 11 4
20 7 4
37 1 8
5 70 2
20 76 7
28 1 10
31 63 3
35 29 9
36 40 9
22 18 9
6 21 1
30 2 8
22 8 6
27 61 5
1 27 10
7 59 1
32 68 7
24 72 5
9 4 5
15 42 5
14 40 8
23 5 3
24 27 8
5 17 8
6 7 5
39 25 1
19 31 4
32 19 4
19 44 9
15 80 1
33 42 4
10 79 5
32 59 7
31 52 4
13 19 2
31 68 8
35 75 10
36 35 6
40 11 5
6 44 1
14 66 9
5 1 6
34 9 9
6 76 6
24 14 5
6 54 1
37 66 6
38 1 4
33 7 2
6 23 2
8 23 10
22 49 4
24 20 10
8 22 5
33 62 1
4 16 6
33 29 5
31 38 10
3 70 1
9 23 9
27 56 6
10 71 3
31 31 10
10 26 5
7 47 4
30 48 9
26 75 10
10 59 5
9 35 5
28 80 8
11 43 6
33 76 6
6 45 5
7 1 4
7 7 2
25 46 3
31 76 6
20 68 3
27 70 1
39 45 7
5 49 10
2 80 6
6 37 8
37 16 7
27 26 2
9 49 10
22 56 7
40 30 3
24 2 4
13 58 4
3 49 3
39 59 3
7 64 1
5 63 9
40 14 10
20 60 3
10 35 6
26 76 2
35 5 10
10 36 2
13 77 1
1 41 4
23 18 7
18 17 3
35 39 5
8 55 4
30 67 3
30 42 2
39 22 4
18 25 4
9 8 2
24 69 7
18 46 1
22 65 2
37 45 8
31 57 2
32 55 4
23 75 3
10 15 6
40 49 2
6 48 10
2 13 1
26 61 9
37 17 4
25 80 10
39 31 2
33 80 10
14 54 10
4 41 1
8 69 2
32 25 3
13 2 3
24 7 5
40 75 2
1 44 10
7 17 4
31 61 5
3 55 7
32 29 6
33 28 7
17 44 3
5 17 1
32 80 8
38 9 2
39 11 8
21 52 5
33 58 7
14 4 8
15 35 9
16 46 5
23 44 7
38 15 7
37 25 4
28 57 3
29 73 10
26 71 5
16 29 9
14 70 9
28 56 9
10 70 7
25 14 2
23 42 3
6 58 10
12 26 10
9 70 7
31 13 1
20 65 7
36 16 2
12 50 9
15 32 10
38 41 1
1 38 2
10 35 10
6 21 9
12 13 2
20 26 9
31 18 4
6 32 6
23 25 4
30 67 1
23 70 2
12 4 7
17 54 7
39 55 8
11 19 7
15 77 9
4 41 8
13 55 4
28 42 1
2 2 2
20 71 9
1 61 6
9 80 10
21 8 5
20 9 2
38 37 9
23 60 1
4 30 2
32 47 8
36 4 9
19 33 5
19 55 9
18 34 2
40 48 6
16 66 9
28 63 7
6 23 10
36 57 3
16 52 2
8 72 3
2 58 2
10 71 8
7 46 3
40 40 1
25 46 6
37 63 8
25 63 1
31 63 9
22 4 3
30 57 8
20 13 1
34 8 8
6 21 7
13 54 8
11 76 5
33 11 2
27 57 6
17 60 2
26 8 2
34 71 2
13 74 3
33 5 9
25 73 5
30 60 5
27 35 2
3 20 10
6 66 5
19 52 7
5 29 1
14 11 8
20 26 4
7 79 1
7 3 7
22 70 10
2 31 5
16 48 5
9 56 8
23 6 8
6 48 3
8 63 5
13 18 10
20 72 1
14 73 5
16 56 9
7 14 6
23 38 3
32 42 10
34 63 9
4 46 6
14 21 9
5 80 1
3 23 4
9 31 8
6 28 8
4 10 1
26 10 7
6 37 2
11 4 5
37 29 4
38 32 10
32 4 10
3 21 1
16 80 10
16 7 9
22 64 8
13 70 5
22 74 10
6 17 4
30 26 1
33 28 1
2 53 7
40 13 10
11 55 5
7 49 7
39 55 4
7 48 2
17 32 4
20 47 7
12 37 3
5 22 8
15 59 7
36 32 3
28 7 2
27 5 8
40 64 10
40 55 2
13 76 2
29 44 6
31 3 5
35 49 6
8 55 1
11 7 4
13 62 1
37 48 1
39 25 6
21 18 5
33 22 4
29 2 6
15 58 3
24 11 6
2 4 1
33 72 7
30 76 8
2 42 7
34 71 3
17 60 8
1 64 9
2 31 5
12 12 7
40 70 5
5 53 7
28 51 5
30 40 10
33 53 7
30 54 9
39 3 10
1 42 4
36 37 6
24 54 6
17 39 3
14 5 9
18 62 6
12 5 1
2 28 9
29 72 4
18 43 1
37 14 2
14 32 1
40 75 4
30 72 2
2 62 7
28 10 5
18 40 10
17 3 10
36 73 5
29 60 9
21 49 4
28 55 7
13 62 3
4 47 1
5 4 3
3 56 1
35 2 5
12 55 9
2 36 2
16 14 9
1 57 9
29 79 3
2 8 10
2 66 8
21 38 9
19 19 9
26 73 6
20 75 10
35 43 3
19 9 7
16 10 2
24 30 6
7 78 7
11 20 8
11 62 10
6 50 3
7 65 3
2 18 2
1 4 10
22 69 10
19 69 1
24 7 3
23 73 2
27 52 7
10 56 4
39 67 5
23 8 6
27 71 2
3 60 10
7 39 9
21 76 4
2 54 7
20 57 7
5 13 3
27 80 5
34 79 10
7 40 8
17 43 6
34 37 9
7 21 6
6 69 6
