500 204 280
33 25 4
36 58 8
12 77 8
34 80 9
12 80 8
37 30 7
10 34 7
12 2 10
31 3 8
5 44 10
21 48 10
7 4 3
36 10 2
15 73 10
31 48 10
9 59 8
36 31 10
33 73 7
24 52 4
28 77 3
23 27 2
9 50 3
36 68 4
16 50 3
29 37 1
22 14 7
40 44 6
8 12 8
32 51 5
28 10 2
34 34 5
27 48 1
33 51 2
24 62 8
21 50 5
26 56 4
20 57 9
14 7 2
21 44 5
32 2 6
32 11 7
5 60 6
33 53 6
10 24 3
6 38 1
4 63 2
37 62 6
5 63 7
17 26 8
11 27 2
3 7 1
25 22 10
24 13 8
24 7 3
21 4 10
26 53 5
11 6 8
27 54 10
27 7 10
14 12 9
37 64 3
27 21 9
28 21 6
2 4 3
23 26 7
25 56 7
29 28 8
35 72 9
30 2 8
9 22 7
9 33 8
37 34 5
1 80 3
39 12 6
32 30 9
5 9 6
36 6 7
15 24 3
6 67 4
36 24 2
28 65 10
7 77 6
11 33 4
31 18 10
3 55 1
8 56 5
16 37 3
32 23 6
2 11 6
15 13 5
23 20 1
5 2 2
9 60 9
21 12 7
19 30 6
38 5 10
18 7 7
1 35 8
5 35 4
8 2 9
36 53 10
39 58 2
39 8 4
23 40 8
23 78 8
10 36 1
27 76 8
12 1 7
26 36 5
2 43 7
31 73 6
3 36 3
27 62 8
34 73 7
10 22 6
31 74 2
32 40 2
16 48 1
16 71 2
3 36 2
13 28 1
40 2 10
33 11 7
9 14 2
17 11 8
4 41 10
22 7 1
19 66 9
15 32 5
22 10 10
33 51 9
6 74 4
22 54 9
34 29 1
23 59 2
16 41 10
9 40 2
12 16 4
39 18 6
2 14 7
32 70 5
34 80 7
15 25 7
25 67 3
18 7 6
39 64 3
24 56 4
40 28 8
1 41 3
9 40 2
25 74 10
11 1 7
17 42 4
17 57 5
31 19 8
12 57 2
38 47 9
23 18 8
7 31 4
2 43 5
19 77 9
24 33 9
38 17 3
14 41 1
1 54 5
39 74 8
7 5 9
22 65 5
11 40 10
22 47 5
5 1 5
32 31 4
15 55 8
36 6 8
13 21 10
3 68 5
8 56 10
13 34 9
7 55 10
22 34 3
30 18 2
2 2 3
33 52 2
33 34 6
12 80 10
13 45 4
30 64 4
32 53 5
11 74 9
21 61 6
28 2 8
1 1 4
25 16 9
33 78 8
29 19 4
16 71 3
37 34 2
32 61 2
33 22 2
16 21 6
6 67 8
30 79 10
29 4 4
28 46 10
12 21 1
2 26 4
15 65 4
26 6 2
15 18 2
19 65 4
23 7 2
28 3 6
30 20 6
14 60 8
40 46 7
4 10 7
25 45 5
26 31 4
26 27 9
29 78 4
12 68 1
14 13 3
19 76 2
11 15 10
18 11 10
29 11 8
22 2 6
28 76 2
16 56 8
26 2 4
38 22 3
8 41 4
19 77 10
40 33 10
17 45 6
32 40 3
5 54 6
37 6 10
8 30 4
35 68 5
8 3 3
39 69 5
21 52 2
20 14 6
8 19 10
27 45 5
36 40 1
28 70 5
23 17 6
4 75 7
18 75 7
20 71 10
37 6 10
10 73 9
33 4 10
29 38 9
6 31 5
5 70 1
12 75 6
30 27 5
15 48 1
22 62 1
23 46 10
2 16 9
14 29 4
22 39 9
18 57 7
31 49 9
15 33 8
18 29 8
34 43 5
38 14 9
13 13 7
1 77 6
38 29 1
37 44 1
13 55 4
18 36 4
8 68 6
2 24 2
19 24 9
13 7 1
19 32 8
36 49 10
40 65 3
25 5 8
24 26 1
36 31 5
19 60 2
17 40 6
1 24 8
25 62 1
19 57 10
29 10 7
38 30 5
1 69 8
19 79 6
4 60 6
40 40 3
31 69 9
37 73 2
35 50 4
10 7 6
3 67 4
40 21 10
25 22 3
32 20 4
6 62 10
13 4 8
27 73 1
23 28 3
28 4 4
35 23 7
24 50 5
2 70 1
12 20 3
18 61 3
17 2 10
23 39 8
23 32 2
14 17 6
17 51 10
27 27 8
17 4 1
35 16 2
25 77 1
35 32 10
8 4 6
10 68 4
8 66 2
12 44 8
30 29 2
7 78 2
30 2 1
6 22 4
14 33 7
22 25 5
27 7 10
5 39 9
26 20 8
5 66 1
19 66 1
19 29 4
9 24 1
17 43 2
14 40 10
23 57 10
31 55 8
25 62 10
34 67 7
40 13 4
18 70 6
21 47 6
15 7 8
10 64 7
38 71 5
3 29 3
5 3 10
16 65 9
13 25 6
39 51 2
12 34 9
24 66 1
5 7 9
29 36 1
18 13 6
9 14 7
19 58 2
30 57 1
35 15 10
2 13 10
8 57 5
26 57 5
24 79 8
25 72 10
18 4 6
30 75 5
35 37 2
17 69 7
29 43 8
8 60 1
26 24 2
19 15 7
31 57 9
27 70 7
15 27 3
10 46 9
25 26 2
10 39 2
26 20 4
2 37 8
25 39 5
17 48 2
8 79 3
6 52 8
39 76 10
20 28 2
14 44 9
32 50 9
25 56 3
26 25 1
39 68 7
7 67 2
8 57 4
21 60 7
23 8 5
18 1 2
35 35 5
31 80 2
38 34 3
19 46 10
39 1 6
28 43 6
16 71 1
24 32 7
4 76 1
36 11 6
30 61 4
7 34 3
2 26 5
22 18 10
4 36 10
31 19 6
14 20 7
5 4 4
10 57 1
7 48 10
21 23 2
2 21 6
9 26 9
28 19 4
5 76 4
5 22 3
4 51 4
5 45 7
4 33 10
4 44 7
3 33 2
35 47 5
5 8 10
33 54 1
24 29 3
34 37 5
11 29 9
28 70 8
23 58 6
9 74 7
29 10 2
9 26 3
29 76 4
29 65 5
9 28 4
17 61 7
17 65 8
26 70 7
2 52 3
2 74 5
23 39 4
36 60 9
16 26 6
12 41 5
7 76 4
23 50 6
17 17 2
31 26 7
7 34 4
13 29 3
23 77 4
23 74 8
37 60 7
34 48 4
30 15 1
36 66 10
40 40 4
20 34 8
37 56 4
25 13 9
7 19 1
10 66 3
17 48 2
6 72 6
31 37 9
12 70 1
6 11 1
1 79 8
6 40 5
37 27 3
16 20 3
40 78 4
6 13 6
10 67 1
32 35 4
1 35 4
33 80 2
12 43 4
11 5 5
6 64 3
27 23 5
13 3 9
13 4 8
