500 7 434
18 35 8
33 12 1
10 79 2
39 6 5
29 5 3
25 76 3
18 66 4
25 33 6
27 28 10
38 43 10
31 22 7
2 54 4
15 25 5
8 70 2
29 52 9
30 80 6
11 12 3
36 62 8
12 17 5
21 27 9
19 46 2
8 80 8
29 1 6
15 20 1
5 63 9
6 52 4
3 4 9
24 22 4
5 74 2
39 55 9
8 11 7
18 61 4
35 80 6
23 55 7
32 66 3
34 21 5
6 16 8
24 72 8
14 80 4
18 9 1
38 43 9
6 73 7
12 33 2
31 43 8
28 6 1
26 2 8
26 63 1
20 15 6
30 46 10
7 39 2
12 42 9
20 8 6
33 61 1
9 18 10
26 60 6
14 20 8
3 61 3
37 51 8
12 69 9
7 11 5
39 45 9
15 71 6
7 77 1
1 73 6
7 35 2
20 76 4
7 78 3
24 41 4
40 79 9
35 35 2
6 66 3
5 70 1
35 46 5
39 51 8
26 22 7
19 70 9
7 57 4
26 45 9
22 35 8
15 52 5
19 17 6
14 75 7
25 64 2
37 31 4
40 15 1
5 24 10
19 46 6
24 2 6
15 30 7
2 26 1
39 38 6
3 70 3
22 33 3
9 54 1
18 26 7
39 6 2
4 67 3
21 46 1
13 5 10
12 1 6
7 27 5
27 64 1
29 59 8
24 76 3
17 38 4
26 13 2
30 59 10
30 31 3
1 7 5
32 73 6
28 18 1
17 50 7
29 9 8
14 36 4
20 17 8
23 5 6
18 36 5
4 1 5
15 29 9
38 64 2
26 22 9
5 12 7
38 11 3
35 25 7
29 13 9
31 44 9
17 76 10
18 14 10
22 57 6
24 27 4
11 2 7
6 36 2
21 67 6
7 69 5
35 22 9
32 34 2
37 6 9
1 11 10
1 36 4
39 8 8
14 38 10
18 27 1
33 18 2
26 52 2
20 56 4
35 14 2
18 56 3
25 78 3
27 46 4
15 42 3
16 8 1
22 23 3
11 16 6
28 75 9
1 3 4
21 46 9
8 80 8
4 1 10
29 13 7
38 22 5
17 79 2
39 57 5
18 60 4
3 30 7
2 35 3
35 1 5
30 47 5
21 59 1
26 78 3
20 56 7
30 52 5
21 40 3
32 21 10
31 33 3
29 2 6
31 69 2
1 79 7
25 74 5
25 24 6
7 59 10
1 21 1
32 20 7
8 23 4
15 76 10
2 42 4
27 55 10
20 45 6
26 26 9
38 48 7
10 25 7
36 74 2
30 63 3
31 79 7
3 52 4
21 19 8
23 30 9
28 15 5
22 30 8
1 9 8
31 64 1
29 2 6
33 41 9
2 18 3
11 50 10
17 72 4
35 61 4
23 1 9
28 62 7
22 75 10
38 67 7
38 53 4
31 2 6
8 36 8
15 29 6
17 54 10
39 49 10
20 70 5
2 16 10
37 76 6
2 39 8
39 11 4
14 2 4
15 16 7
29 5 2
3 48 4
23 18 5
19 24 10
40 61 3
36 8 9
9 52 3
19 67 10
34 7 6
36 79 6
39 29 4
40 37 6
34 77 5
11 59 7
11 15 2
4 31 3
8 68 1
30 34 2
30 29 2
13 65 7
17 60 3
6 21 6
22 63 5
28 79 6
36 63 5
38 50 6
6 2 9
29 27 4
26 77 10
22 58 3
8 15 8
39 13 4
40 39 8
32 62 8
19 54 1
33 22 8
32 28 9
35 2 6
10 4 1
17 47 5
40 5 5
24 39 6
29 72 8
15 38 1
28 79 10
13 61 7
22 7 5
28 33 7
21 25 6
21 72 8
7 73 8
19 52 2
24 14 9
25 65 7
33 5 7
4 20 5
25 54 2
4 20 1
20 61 10
29 59 9
11 39 3
7 2 3
8 75 5
11 67 8
9 32 4
6 42 4
36 58 3
3 34 5
23 9 5
22 57 5
13 69 6
16 78 7
13 69 3
16 72 4
22 68 2
30 38 2
5 59 1
30 57 4
38 59 6
19 71 4
23 21 7
8 50 7
18 5 10
15 73 6
4 20 8
11 44 5
33 40 7
35 8 8
16 12 7
13 48 5
19 64 10
6 61 10
17 74 2
9 22 2
12 28 8
10 80 3
33 46 9
35 60 10
1 44 4
32 36 1
8 10 5
7 73 10
32 57 1
28 16 10
2 2 10
29 80 2
12 41 3
22 77 8
17 6 6
7 43 2
34 61 2
7 2 5
36 4 5
19 63 2
10 32 6
40 30 2
26 22 9
40 2 1
19 25 3
3 32 1
2 72 7
34 80 7
4 68 7
13 33 3
2 65 4
4 1 1
2 29 8
2 49 9
19 21 2
6 11 8
2 52 8
23 67 4
32 19 1
34 35 9
14 68 3
10 64 5
31 36 8
21 33 1
30 78 8
36 37 3
29 68 2
1 59 9
7 49 8
17 35 1
25 26 7
2 49 7
9 9 7
20 27 9
28 78 1
13 21 4
3 64 7
27 10 7
36 38 10
8 23 9
27 12 5
19 41 9
13 37 1
24 37 1
33 38 2
22 57 8
32 22 6
24 18 4
40 37 2
26 18 9
13 63 6
27 51 9
27 47 6
23 16 8
33 57 5
34 32 9
10 25 1
6 57 6
5 20 7
19 4 3
22 17 10
10 76 9
34 42 3
28 48 6
17 34 1
21 66 6
21 50 5
38 40 10
24 45 5
34 61 5
33 57 1
28 43 7
9 75 9
36 74 5
6 9 2
11 29 9
5 15 10
21 55 8
17 72 7
5 19 6
13 51 7
12 55 6
37 79 9
36 54 8
17 71 6
6 5 3
31 20 2
10 38 9
3 66 3
19 60 7
40 22 1
16 32 4
15 34 2
2 64 8
16 41 8
28 44 3
5 46 7
19 34 2
19 52 9
4 13 6
28 76 3
13 28 10
31 72 10
29 40 4
13 53 9
36 16 5
7 70 6
25 17 7
10 17 8
24 55 4
33 80 5
37 32 7
26 53 8
12 23 6
25 11 1
35 43 2
3 69 5
13 75 1
4 2 10
32 63 5
8 5 6
33 45 10
17 20 8
3 49 6
25 3 9
32 6 3
17 53 9
26 29 9
23 43 1
26 41 5
5 18 1
24 32 9
19 32 10
4 75 5
21 28 1
23 72 7
12 66 1
29 73 8
33 77 1
37 32 6
25 5 10
38 59 2
9 52 10
25 28 5
27 13 5
35 38 10
19 59 8
30 70 4
8 65 6
20 78 9
30 27 10
16 68 9
3 67 7
35 22 8
13 39 7
30 18 3
28 29 1
15 56 10
3 62 6
11 7 8
15 37 2
24 16 9
27 72 10
