500 201 272
21 5 5
10 5 10
21 8 3
23 75 8
1 14 1
16 22 3
2 13 2
20 54 6
3 77 10
36 72 3
37 72 9
36 50 8
3 3 4
40 48 5
11 21 2
36 72 5
11 13 10
22 28 6
31 8 4
7 42 3
23 37 1
39 61 7
9 50 8
17 51 9
10 27 5
12 20 10
18 50 2
32 1 8
15 26 8
21 20 9
5 12 9
32 44 10
31 53 10
17 69 2
16 29 3
31 2 10
12 79 5
15 73 4
24 63 7
21 46 4
38 32 3
1 17 4
34 4 5
2 13 9
25 18 9
35 41 5
3 33 2
5 11 2
27 45 1
17 78 2
10 2 1
14 26 9
24 33 2
28 44 8
18 69 7
36 63 10
19 21 2
9 9 6
34 27 3
7 36 1
13 8 4
34 9 8
15 73 2
34 53 8
1 8 4
19 7 4
20 18 3
22 75 3
38 48 6
39 11 10
26 75 8
17 13 9
30 76 1
26 42 2
22 8 3
39 60 8
26 37 7
12 78 5
5 13 4
30 79 6
17 4 6
30 76 9
7 58 7
29 57 5
34 59 2
12 22 6
40 3 9
21 17 4
31 51 6
7 71 10
13 20 8
27 54 4
20 50 5
13 43 6
29 32 10
35 30 10
36 70 8
4 23 8
26 44 5
20 36 2
34 25 7
2 74 6
26 64 1
24 60 4
25 10 9
4 44 6
2 77 7
30 24 8
28 30 1
21 20 10
40 39 2
2 46 6
23 44 7
25 23 3
38 46 3
14 62 7
8 78 10
29 56 1
35 78 5
40 73 10
22 63 7
1 3 8
1 69 3
13 38 8
5 61 5
22 20 3
40 21 7
19 25 1
37 65 6
35 71 2
14 11 5
11 14 2
27 64 5
1 40 7
31 24 4
32 33 3
39 32 10
11 73 3
9 44 1
21 18 9
3 7 4
23 8 4
2 40 7
35 32 8
40 76 3
34 47 3
17 44 8
37 59 2
29 70 4
12 55 7
20 60 9
26 7 10
36 45 10
21 64 5
25 38 3
34 36 2
36 39 10
12 64 3
2 31 2
22 49 9
5 28 8
11 35 3
18 39 5
38 29 7
34 22 6
18 70 8
8 39 1
15 31 3
26 2 10
24 2 1
35 4 6
33 77 1
40 74 5
23 17 10
17 9 1
19 57 2
33 57 5
4 37 6
10 73 6
22 12 5
31 49 6
25 47 1
12 11 7
9 70 4
27 65 4
6 26 6
37 30 3
39 1 2
22 36 8
30 53 10
31 10 6
3 54 5
22 2 3
25 13 3
15 72 8
10 8 1
2 4 5
20 44 5
26 47 6
10 28 3
33 3 6
11 9 3
37 40 5
23 63 4
26 18 1
35 59 10
25 6 10
9 72 3
9 45 10
10 41 8
34 64 7
7 74 2
2 31 7
6 40 1
4 74 6
37 28 3
27 77 3
34 38 5
27 74 6
24 5 1
8 23 7
33 3 6
27 31 9
4 76 8
23 8 9
5 39 5
5 78 5
7 3 6
39 65 9
7 69 8
33 52 10
37 29 1
24 72 3
40 79 1
30 30 3
40 57 1
37 23 1
10 61 1
27 27 6
39 11 7
32 55 10
25 42 1
21 26 9
21 30 9
9 35 6
36 27 6
4 1 10
21 78 4
28 2 7
37 68 3
38 43 1
15 37 9
21 54 7
31 30 10
31 48 2
37 22 7
13 32 2
28 55 1
33 23 8
29 18 9
29 30 6
2 62 8
14 37 2
7 73 8
18 33 9
24 54 8
34 13 6
25 16 8
18 41 3
9 76 1
30 17 8
24 80 5
27 33 2
26 18 9
38 41 8
19 72 2
7 69 3
33 60 2
34 69 10
24 70 8
11 69 4
13 23 5
22 58 9
21 64 10
33 79 5
26 58 5
37 27 8
14 3 9
35 17 7
17 72 3
15 10 8
14 63 10
28 48 7
30 42 4
30 8 9
35 28 2
1 17 5
4 2 8
26 35 6
24 42 7
15 71 7
7 4 6
30 34 8
31 78 9
24 44 7
6 37 8
1 59 8
36 18 3
14 46 6
30 68 1
1 30 4
22 32 10
10 71 5
37 74 5
9 70 1
32 11 7
15 80 7
38 43 3
7 45 4
25 14 9
24 68 8
11 72 7
25 4 3
27 29 9
23 28 7
12 73 1
35 47 4
17 44 9
26 60 7
26 60 2
29 24 6
11 14 3
15 78 5
1 80 10
9 18 1
13 52 3
31 43 2
7 26 8
36 14 6
10 24 7
17 9 2
37 68 8
35 11 4
38 37 7
9 61 7
24 46 8
10 48 10
31 21 9
16 38 6
24 80 3
27 44 9
7 12 5
32 32 4
35 2 7
9 55 5
6 25 7
23 61 2
6 60 1
14 64 3
35 51 8
18 49 3
13 19 9
18 42 4
19 48 2
5 19 10
28 23 1
2 5 5
19 43 9
35 37 1
31 54 4
2 43 2
36 27 9
8 39 6
27 71 4
30 13 9
34 74 5
5 41 5
1 37 10
30 30 2
2 20 9
8 68 8
28 57 3
31 63 9
36 17 10
27 3 10
36 14 3
24 70 2
35 9 5
36 23 9
18 49 4
39 78 10
9 48 5
30 2 8
2 22 9
20 60 5
18 34 8
23 13 1
17 69 3
7 48 8
32 80 8
16 65 5
29 45 10
17 8 1
17 19 7
4 41 10
1 61 1
35 59 1
1 34 7
18 77 7
28 36 4
32 66 9
1 34 8
9 67 7
6 12 2
28 34 5
39 6 10
15 40 4
22 27 2
39 4 3
11 46 8
8 69 4
27 74 9
36 13 2
3 67 10
19 77 7
7 23 1
27 77 6
2 36 6
31 46 9
3 79 3
6 19 6
39 11 2
8 60 6
19 67 9
24 45 3
18 42 8
31 60 10
13 16 9
19 16 5
6 69 10
5 41 3
32 9 5
7 72 2
30 25 1
12 38 9
3 72 5
1 16 8
9 3 4
16 73 10
37 25 5
4 27 2
33 63 5
19 50 5
35 47 8
33 65 9
15 71 8
22 71 4
25 12 10
11 10 3
13 76 5
28 75 4
39 27 8
18 38 2
18 10 7
39 3 6
3 62 6
24 52 9
24 15 2
38 24 1
38 80 4
23 2 4
29 14 10
40 52 3
3 33 4
1 26 4
37 39 2
17 49 9
11 1 2
32 47 7
19 45 6
2 55 2
37 75 5
6 68 9
26 17 8
7 7 2
37 55 3
16 59 7
36 77 1
35 39 7
15 32 5
3 2 8
40 75 4
22 77 4
22 13 9
36 58 7
13 66 7
28 43 2
4 57 8
22 51 3
20 1 7
