550 82 483
4 9 3
29 19 9
34 13 2
32 7 1
22 3 5
6 61 10
31 48 9
11 31 2
32 13 7
5 66 3
4 51 9
22 29 2
24 34 4
39 67 8
35 9 8
31 57 8
26 7 9
20 9 9
10 40 4
5 24 9
3 14 3
1 75 10
37 53 1
28 24 3
20 44 7
29 37 3
28 74 6
24 45 8
25 25 4
27 9 6
17 47 8
24 36 8
22 66 10
26 63 7
15 26 8
6 19 10
38 25 4
6 12 10
40 24 1
4 55 6
35 55 4
31 9 9
16 59 6
21 61 1
1 76 7
38 42 9
38 44 6
4 67 8
2 26 3
32 50 5
26 1 6
32 60 4
30 16 5
19 50 4
16 65 7
37 78 8
24 5 10
24 71 6
27 33 9
20 14 9
4 59 5
27 76 9
12 71 5
12 54 7
27 17 5
40 43 2
28 10 1
3 35 3
30 31 3
2 19 1
11 70 1
22 56 4
16 22 7
7 12 6
2 12 5
35 20 2
36 4 7
10 15 7
23 79 1
31 30 7
23 32 5
11 43 2
6 3 5
18 29 9
19 1 6
36 30 6
24 6 5
39 11 9
37 44 2
5 22 2
31 6 8
25 47 2
2 66 2
26 79 9
39 74 8
4 10 9
8 66 10
15 58 9
33 72 4
8 22 9
8 15 5
29 22 6
23 51 6
22 58 10
27 78 9
29 75 6
30 27 5
39 30 5
35 4 4
18 64 7
10 74 7
38 79 9
11 22 1
18 22 1
24 14 2
7 13 2
32 71 7
24 25 4
29 59 7
18 30 5
9 38 10
22 35 10
16 43 5
36 74 10
9 47 3
23 65 9
4 27 7
27 10 8
18 29 7
4 71 6
19 10 4
36 30 9
31 71 4
30 24 3
31 41 9
5 8 4
4 67 10
5 51 9
3 4 3
15 44 4
5 32 7
18 37 6
40 23 8
11 13 10
28 75 1
40 16 8
3 68 2
18 69 1
6 7 10
11 58 8
31 19 5
20 15 9
20 33 2
10 74 8
37 24 9
40 34 3
32 40 2
27 12 10
3 13 10
12 12 1
29 19 2
5 39 9
5 63 4
14 26 9
28 77 8
23 54 8
17 29 6
21 5 3
39 22 2
25 11 9
10 54 7
20 41 2
1 26 10
35 55 4
34 55 6
29 68 3
37 3 6
22 25 1
1 3 7
18 73 3
37 68 1
27 61 10
40 67 3
22 78 7
36 66 4
9 58 10
34 74 1
40 61 1
24 58 2
12 41 1
23 67 10
34 64 5
37 73 10
24 16 2
35 11 1
3 58 2
37 31 2
20 51 9
38 66 3
17 19 1
38 15 8
20 12 3
37 46 7
15 51 7
39 6 1
10 67 9
2 41 1
35 6 4
33 71 4
19 7 4
33 74 4
8 63 9
16 44 2
6 78 1
35 19 5
14 22 5
30 29 6
16 68 9
6 44 2
8 47 1
11 13 6
26 78 2
17 42 10
2 78 9
5 19 4
20 47 2
23 21 2
10 23 10
37 51 7
29 47 9
39 66 4
29 79 5
11 23 9
29 12 1
24 72 7
33 45 3
24 32 10
3 3 8
6 59 7
5 69 7
2 53 8
23 14 8
37 18 1
24 64 7
28 3 9
25 9 10
20 26 1
14 50 2
30 1 3
16 52 6
16 75 4
32 5 9
29 53 6
39 63 7
17 58 7
14 40 10
1 20 9
38 59 6
27 4 4
34 12 7
20 49 2
1 79 5
27 19 9
9 49 3
34 61 1
40 11 2
17 21 2
23 56 1
15 17 6
32 71 3
31 53 2
17 31 3
17 12 6
39 55 3
28 75 7
20 70 2
14 33 3
22 65 8
6 38 1
22 4 8
12 17 9
9 23 4
1 70 5
20 5 1
23 14 8
30 13 1
33 37 8
17 61 8
24 19 2
31 30 10
10 63 5
37 20 10
6 22 9
22 5 8
5 16 6
15 61 8
40 47 8
20 12 9
22 21 8
4 79 6
24 19 3
11 33 1
18 29 9
6 77 10
15 32 9
3 19 10
29 28 1
37 74 7
15 72 4
40 21 8
24 35 4
23 33 7
14 63 5
20 33 7
32 60 10
28 54 9
6 74 10
6 56 5
22 79 10
25 76 1
8 20 2
20 10 1
38 4 10
27 49 10
39 80 4
17 71 4
12 64 5
31 72 5
18 67 9
28 35 9
20 33 6
9 79 7
23 20 3
1 67 7
7 48 8
6 40 4
14 37 2
9 62 10
7 38 7
40 23 4
30 55 4
9 67 9
28 62 9
16 43 5
31 6 3
40 3 10
14 52 8
40 72 6
24 35 9
11 30 3
33 13 10
17 76 1
17 23 7
31 53 7
13 69 2
28 35 2
14 55 4
35 36 8
29 23 5
24 41 3
32 71 2
12 62 1
21 60 9
4 79 3
8 41 7
16 48 3
8 43 8
10 18 5
38 12 8
25 32 4
29 45 6
2 4 10
3 4 6
13 43 8
18 32 10
36 29 7
4 62 8
16 1 10
1 76 3
40 28 7
34 17 4
22 5 8
25 61 3
7 60 8
17 64 5
8 54 7
39 49 8
17 50 3
10 5 7
2 74 8
10 60 2
13 46 5
23 5 10
33 18 3
8 13 6
16 14 6
32 22 1
21 59 5
1 62 6
37 15 2
3 20 9
19 46 7
34 57 5
14 65 6
35 9 3
13 27 2
17 16 10
3 43 3
24 44 8
23 16 1
21 7 10
34 4 7
21 6 4
29 19 3
35 70 1
20 67 5
38 68 7
26 40 2
36 50 10
6 66 4
29 46 8
13 22 2
14 76 6
27 30 3
22 37 5
38 19 9
34 27 10
33 43 4
19 68 2
2 70 10
32 29 8
27 45 4
24 3 2
37 65 5
12 7 9
39 48 1
26 7 6
2 14 2
8 72 4
4 8 10
33 44 2
35 31 9
6 15 1
37 72 2
19 8 2
24 41 1
3 58 2
19 5 2
24 75 4
17 18 5
19 3 8
35 41 8
27 1 6
39 67 7
15 8 2
26 72 2
24 27 8
8 14 6
22 49 3
32 69 4
13 13 2
9 51 1
5 53 3
26 52 2
20 62 2
30 1 8
18 25 6
24 47 5
30 67 8
12 74 3
8 79 10
22 7 6
29 45 10
14 31 1
4 71 10
39 24 2
32 50 3
33 19 8
2 56 6
32 7 5
36 29 1
16 63 9
21 33 2
24 58 2
12 35 6
34 9 8
7 71 2
13 7 7
25 8 5
2 50 9
30 45 1
13 77 4
28 6 4
6 27 8
10 71 8
31 71 9
40 38 6
25 69 3
10 42 8
9 13 3
5 30 4
19 19 2
36 23 7
30 15 1
13 13 10
35 28 7
9 54 4
32 78 4
37 79 5
27 6 9
6 50 3
25 71 2
40 58 4
4 30 6
37 21 2
22 48 9
26 12 4
20 63 7
32 73 6
17 41 9
24 36 6
21 11 9
10 79 1
15 4 8
39 49 4
20 29 8
8 15 9
8 37 10
1 39 1
10 30 4
24 36 7
7 16 4
30 49 10
30 73 8
15 27 8
39 9 5
28 24 1
18 73 8
23 4 5
3 79 4
1 44 4
6 78 10
35 69 10
17 4 7
22 24 7
36 30 10
37 74 5
2 66 6
28 38 1
14 2 3
