550 236 493
1 52 7
39 70 3
2 77 4
19 54 1
31 9 1
24 9 8
34 27 7
18 28 2
28 11 8
20 55 3
10 47 5
21 9 8
37 80 3
10 12 4
19 71 10
38 67 7
23 33 1
32 19 6
39 21 8
28 79 5
16 65 6
30 54 9
40 33 3
35 24 3
7 55 4
20 61 4
13 62 4
17 29 5
29 54 1
38 33 10
11 70 5
33 10 3
19 20 8
16 72 5
7 60 1
40 63 10
26 67 6
40 38 8
9 39 7
20 5 9
20 42 3
23 55 7
25 60 9
6 71 2
28 20 3
10 36 4
29 49 2
3 41 10
34 8 7
12 44 2
26 69 10
37 23 1
7 46 10
10 27 9
4 52 8
15 37 5
33 27 8
19 44 6
2 65 2
10 64 3
12 37 6
27 79 1
11 6 7
36 55 4
23 17 7
33 25 8
5 3 1
26 2 10
28 77 2
21 5 10
3 12 4
3 46 6
35 54 9
4 31 2
22 44 3
15 34 3
4 55 3
32 13 1
26 77 5
1 11 2
33 76 7
27 38 9
11 50 7
36 54 5
7 61 4
29 5 8
27 23 7
25 33 4
16 4 9
18 26 5
4 50 3
18 76 3
11 42 6
33 76 7
31 16 10
15 17 1
5 48 9
17 3 4
33 70 7
38 71 3
11 16 8
1 55 6
38 69 5
32 21 10
40 74 6
6 16 7
11 65 7
36 26 5
32 12 5
11 9 9
24 41 4
25 80 1
39 74 5
22 41 5
8 68 10
14 43 3
28 31 8
31 51 6
28 78 9
3 30 6
28 30 4
7 12 9
3 41 3
4 71 4
7 1 3
38 59 3
31 23 2
34 23 7
10 68 8
20 1 4
9 46 10
38 70 4
30 69 5
33 57 3
30 18 3
13 40 6
35 61 5
35 68 3
22 47 4
31 2 7
1 27 2
16 78 8
12 60 5
28 72 5
22 54 10
5 7 6
4 43 3
11 32 1
8 47 7
7 58 10
33 19 6
16 56 7
40 51 7
12 56 8
28 64 6
16 77 3
24 39 8
25 68 7
22 67 9
34 15 3
22 17 8
33 36 1
25 8 8
32 74 7
20 62 2
7 46 3
10 62 7
39 79 1
5 2 7
28 78 8
17 13 6
9 60 9
31 77 8
17 70 6
19 19 1
25 8 2
6 73 6
26 50 1
17 23 10
29 52 8
37 49 7
27 59 3
32 47 5
32 42 5
20 49 4
6 44 2
27 67 1
37 34 10
6 42 7
10 76 6
9 37 7
3 11 3
18 55 8
27 4 7
2 65 7
26 71 1
35 64 6
9 31 1
36 29 10
8 67 9
36 76 6
8 28 7
28 3 2
10 29 3
3 26 3
22 24 6
8 7 1
2 69 8
14 8 6
29 68 5
34 3 8
8 43 4
34 31 9
40 25 2
21 76 2
25 9 10
28 44 10
16 42 7
38 66 4
30 78 1
10 14 8
14 9 3
13 9 4
3 3 6
35 55 8
37 27 4
30 23 7
11 20 10
12 27 7
40 63 9
21 14 7
35 16 3
35 20 3
27 48 3
25 37 9
25 29 9
8 34 6
20 42 1
28 39 5
26 44 8
30 50 7
36 74 2
13 13 10
37 30 1
25 59 3
30 10 5
40 58 8
25 35 2
14 79 10
35 39 2
36 34 1
16 28 3
37 23 1
38 58 2
25 13 9
23 50 9
4 58 2
9 77 7
40 62 1
19 30 6
6 36 3
9 14 7
29 29 1
35 35 2
9 47 2
10 25 6
38 23 7
35 27 1
3 10 1
34 57 1
11 59 6
17 27 3
11 4 8
21 61 10
9 56 10
5 5 5
16 3 7
6 46 4
13 66 7
6 75 3
11 12 9
6 14 3
35 23 2
37 34 8
38 37 6
30 17 6
25 16 5
10 74 10
31 36 1
15 78 4
15 27 8
1 33 1
7 57 9
18 38 6
5 56 4
28 75 6
17 42 10
18 53 2
3 45 4
28 54 10
3 57 4
32 28 2
30 72 5
29 71 1
20 56 5
24 56 2
14 20 9
32 53 1
32 71 2
1 55 7
25 1 9
23 46 9
29 40 10
15 19 1
36 6 7
9 18 5
33 67 5
16 9 3
24 18 8
6 71 10
15 64 10
17 79 8
24 55 10
36 37 9
18 54 9
27 4 8
8 50 8
30 14 2
2 16 3
7 40 9
13 8 6
5 65 2
39 30 4
39 24 8
12 48 4
18 1 1
25 44 9
33 77 10
6 36 9
30 33 9
28 3 6
35 12 1
34 14 1
22 39 1
13 23 10
34 23 6
15 41 4
9 27 10
37 77 8
4 5 1
28 24 8
8 67 3
38 12 3
26 77 2
8 45 2
30 3 7
22 78 9
7 38 4
15 68 1
29 30 5
34 20 10
22 39 1
15 25 9
26 13 7
4 62 1
19 38 5
7 26 8
34 73 4
13 72 6
5 6 2
18 74 3
30 40 5
26 20 7
25 66 5
3 2 6
34 17 5
26 46 9
16 25 10
25 24 5
32 24 4
39 32 8
26 53 6
36 23 2
28 70 2
39 54 1
31 51 2
3 38 7
12 62 9
32 34 8
35 75 10
28 79 1
4 12 4
4 7 4
37 5 4
27 67 9
12 7 5
32 58 7
10 71 1
2 59 2
34 69 8
10 7 4
33 5 9
25 41 10
1 79 7
14 30 4
34 52 9
20 35 8
20 77 8
13 34 4
3 70 3
21 10 2
40 23 8
1 52 4
10 80 6
38 57 10
15 26 8
5 65 8
5 27 2
29 75 2
7 23 6
7 56 3
18 5 1
39 30 4
18 38 7
22 60 1
33 33 7
32 48 6
7 65 5
14 41 10
33 14 6
4 11 9
35 74 1
4 9 7
2 3 3
40 49 7
13 13 6
37 41 1
12 1 2
21 37 9
25 6 1
12 15 2
27 60 7
31 66 1
3 43 6
5 57 4
6 26 10
10 48 8
2 7 5
23 58 8
32 44 2
20 11 2
7 19 9
30 19 6
3 22 5
32 63 6
3 28 7
27 56 10
28 74 5
7 72 3
34 41 9
39 73 9
26 75 9
25 79 7
16 76 5
8 17 8
20 9 5
30 46 1
26 61 10
23 12 5
16 74 1
17 32 3
29 2 8
21 33 2
4 53 3
29 4 1
26 75 2
16 1 1
1 31 4
4 36 1
38 52 7
17 12 9
25 69 5
24 62 10
9 66 8
1 2 4
13 80 3
6 16 3
13 75 2
26 51 5
20 40 7
18 20 6
31 5 4
8 76 5
30 53 1
27 37 6
18 33 8
38 25 6
35 17 8
22 48 4
11 24 6
17 2 3
38 6 5
23 33 10
14 9 7
1 24 5
37 33 7
5 15 3
8 63 2
31 10 9
7 56 1
32 7 4
33 4 2
37 55 8
12 22 2
39 42 2
35 73 7
17 44 4
40 10 3
10 55 4
18 9 3
15 68 7
31 75 2
4 64 6
31 32 6
35 78 9
11 7 4
18 55 4
34 34 4
16 78 9
17 5 4
22 64 1
20 55 9
4 73 6
14 51 4
30 1 6
17 75 4
35 49 4
27 5 8
31 27 6
2 49 6
10 5 1
23 17 7
18 19 10
40 8 9
33 29 3
35 17 5
23 61 7
2 33 6
32 50 10
27 78 8
