550 173 341
40 75 9
23 14 1
19 79 6
11 53 1
20 5 5
14 52 7
34 70 10
4 68 10
17 10 1
13 52 9
31 55 3
14 15 9
19 66 7
15 47 5
33 68 8
35 9 2
29 68 7
22 39 8
15 71 9
7 51 8
38 74 10
13 80 4
24 31 10
23 57 10
28 17 5
22 40 2
39 64 1
18 64 3
25 8 1
15 79 1
21 79 8
29 79 9
37 75 1
19 9 10
14 66 6
3 54 5
2 14 4
24 55 10
7 10 4
26 41 7
23 64 2
37 49 8
39 15 10
34 36 6
15 64 10
29 20 10
5 53 6
38 77 8
35 9 4
25 46 10
13 64 3
31 40 2
3 18 5
13 9 5
35 47 10
1 2 4
36 74 10
5 75 8
22 72 9
4 74 10
22 28 2
34 47 3
24 72 5
16 26 4
29 35 4
18 36 9
19 24 7
30 54 1
21 28 1
8 29 2
8 65 6
20 54 1
39 34 1
23 24 1
30 37 6
13 19 5
36 28 2
36 9 9
2 11 6
27 25 10
23 37 2
1 40 1
22 37 8
21 61 4
40 31 9
17 44 6
39 50 8
34 16 9
1 16 9
2 34 1
14 66 7
28 62 6
24 50 9
26 12 6
31 53 6
40 32 8
17 57 3
24 77 10
17 54 1
36 48 5
31 56 10
19 44 10
17 24 3
37 41 8
39 32 2
28 47 2
3 78 9
40 43 5
37 63 10
22 12 3
14 39 5
40 52 5
23 80 7
24 29 1
18 65 8
36 31 8
40 49 8
1 49 10
6 10 8
38 59 8
12 28 6
18 39 7
2 57 5
12 59 9
33 34 7
5 68 9
22 16 6
5 5 4
16 52 2
32 40 1
5 64 9
12 58 1
14 49 7
29 17 9
18 21 7
11 77 1
8 2 1
20 41 4
6 74 5
16 43 6
28 67 6
3 4 1
14 3 5
9 21 5
7 26 2
11 76 7
7 40 8
36 74 1
3 64 4
13 25 2
23 28 8
14 30 5
8 60 10
11 36 4
19 14 4
36 13 3
18 69 10
11 30 8
19 24 8
36 13 7
21 73 5
40 79 9
23 43 6
23 53 5
37 4 6
2 33 9
20 46 10
36 58 2
2 36 1
16 18 9
6 29 2
12 30 4
31 7 3
12 20 1
31 8 6
10 39 2
37 12 9
34 72 5
17 61 6
21 78 2
15 52 1
22 75 4
27 41 1
5 36 6
11 35 9
16 19 8
27 7 7
32 63 8
26 20 5
16 74 7
14 32 1
33 63 5
19 50 5
8 16 9
36 25 5
28 70 5
1 14 3
2 74 3
18 23 7
32 11 8
14 36 9
19 77 10
35 54 8
30 33 8
36 50 9
20 23 2
11 34 5
2 78 5
33 53 1
11 48 6
39 65 8
35 19 4
21 11 1
4 29 7
39 9 5
12 47 6
16 53 5
30 1 6
19 14 7
27 40 2
16 76 9
6 80 7
3 34 10
35 75 5
35 18 7
14 64 5
2 46 3
31 39 10
28 56 4
11 45 8
38 28 3
19 78 9
24 58 6
17 11 3
38 38 2
35 2 5
5 7 9
16 62 4
38 13 8
36 43 6
18 43 9
40 29 3
34 79 2
17 76 8
25 40 1
30 21 5
36 31 3
27 62 4
3 65 6
6 8 8
9 63 9
1 25 10
31 30 6
11 53 5
33 62 6
28 57 8
23 33 5
9 20 2
36 40 2
18 68 10
29 55 1
23 2 5
6 72 8
37 47 6
32 69 6
21 3 6
33 25 5
2 34 3
27 15 3
24 64 7
28 22 9
11 20 4
22 16 6
24 4 6
28 21 5
21 3 3
11 23 1
16 79 2
17 30 8
38 32 2
30 79 2
36 76 1
28 52 6
24 33 1
12 6 6
18 6 9
7 65 7
22 30 7
38 78 4
26 71 4
37 19 4
18 66 5
33 70 8
34 78 1
16 79 5
2 76 4
5 14 5
32 67 10
4 20 9
23 66 1
33 66 3
23 71 7
2 68 4
7 13 5
26 35 3
10 56 1
37 27 10
17 23 9
10 60 10
38 14 5
38 46 4
25 55 7
3 39 10
19 52 10
22 67 6
13 71 10
34 27 7
20 18 1
20 23 6
23 28 10
25 58 5
1 56 5
31 64 7
31 5 10
34 24 8
39 57 2
32 51 2
37 73 10
20 63 5
14 71 9
2 80 6
22 22 9
26 14 6
14 45 4
39 29 10
38 16 8
11 54 4
17 23 1
35 80 10
13 40 6
3 26 10
13 54 7
19 34 6
3 20 8
5 31 8
31 56 7
16 38 1
17 33 9
25 55 5
5 52 4
38 50 9
20 53 8
18 17 8
38 26 9
10 50 2
34 61 7
39 73 8
11 54 2
16 26 5
7 36 2
14 26 9
31 52 2
9 24 4
18 40 5
32 25 1
25 75 10
2 5 1
19 44 5
32 64 7
1 47 4
39 13 1
3 35 3
34 2 9
8 5 6
28 19 10
12 58 7
27 37 8
9 57 8
36 70 7
38 40 7
33 2 1
25 67 6
26 65 10
22 41 1
7 17 9
25 15 10
22 14 6
31 70 7
5 42 7
35 36 1
35 18 9
40 13 10
31 43 1
37 35 6
39 28 7
6 22 6
7 9 1
30 14 8
6 30 8
7 38 8
35 67 7
2 54 10
10 46 8
32 56 7
13 30 2
16 69 8
31 25 10
34 22 5
10 64 8
40 17 7
29 80 3
38 23 10
39 61 10
6 19 2
31 46 9
15 17 6
3 63 10
14 53 7
11 79 2
25 36 8
12 73 4
20 78 10
18 20 2
37 11 1
27 21 8
23 9 10
26 10 6
3 22 1
15 11 5
36 27 9
11 59 5
4 35 2
6 2 6
17 43 8
21 66 3
6 1 3
20 24 3
15 34 1
31 61 6
18 47 7
20 28 10
7 27 6
27 14 4
21 74 9
31 41 7
31 69 4
33 52 9
9 32 4
36 51 2
14 35 3
13 8 2
36 25 4
23 77 10
35 55 9
6 19 6
40 6 2
10 39 4
2 32 8
14 8 8
15 25 9
33 11 10
38 21 6
32 70 6
29 44 7
23 47 8
32 40 5
35 20 9
32 47 4
30 20 8
17 72 6
18 41 10
28 74 6
23 72 5
1 59 4
34 17 6
33 57 10
37 78 10
30 76 8
17 44 3
6 47 1
34 41 10
38 53 7
18 73 8
23 14 6
5 62 1
27 4 10
4 68 5
30 50 2
29 61 6
29 8 8
20 61 6
37 8 2
9 79 4
38 12 4
27 16 10
32 80 3
13 23 6
35 51 5
38 49 1
18 60 4
18 23 6
24 1 10
36 38 4
14 55 4
21 59 2
6 18 9
9 52 9
8 60 7
31 59 3
13 65 3
39 48 9
1 73 6
39 42 9
4 3 8
16 70 1
13 33 3
2 34 1
4 49 6
40 58 2
1 64 8
15 18 8
6 78 3
7 66 10
8 77 1
7 13 8
4 21 10
4 28 9
10 80 9
18 80 10
5 18 2
38 47 6
6 45 2
12 45 3
35 1 2
1 14 7
18 6 7
7 27 7
3 55 10
27 35 10
32 26 8
12 27 10
2 24 1
17 55 5
15 66 5
2 76 1
40 31 2
18 32 8
32 37 6
15 18 7
3 11 5
