600 125 574
26 44 6
16 2 9
40 20 8
25 36 7
4 17 5
5 57 1
36 26 1
17 61 3
8 74 1
16 58 4
24 47 10
27 10 9
39 42 9
10 47 1
20 13 8
22 25 2
38 71 9
15 5 3
34 35 8
18 5 4
36 77 6
1 3 6
18 16 4
14 43 4
12 38 5
40 11 1
36 63 10
4 75 3
1 2 7
21 62 7
21 77 3
27 74 1
11 67 6
31 12 2
3 62 5
9 49 6
22 26 4
14 61 2
8 8 3
37 24 6
16 78 2
31 2 8
12 79 10
35 24 10
33 55 1
28 46 8
15 6 6
26 59 2
32 15 9
13 33 9
34 5 10
36 19 7
22 49 3
25 69 8
21 40 8
39 45 6
18 23 1
16 5 2
39 23 1
11 68 1
14 26 4
7 33 6
34 36 10
29 25 8
25 3 2
10 8 6
35 7 8
17 68 5
6 43 9
32 45 1
25 56 5
9 57 5
1 31 9
37 29 3
26 26 5
12 20 1
9 18 8
5 43 5
24 66 4
11 28 5
6 5 9
7 79 4
33 62 8
40 56 6
35 42 4
18 25 7
36 22 10
26 74 9
10 38 1
12 2 6
13 48 10
37 58 8
14 35 3
6 1 3
15 12 9
2 9 10
7 15 5
3 58 9
15 9 2
12 35 4
22 23 7
6 65 10
12 63 2
10 27 8
32 76 2
35 38 2
25 8 7
15 63 2
18 3 4
37 23 3
30 12 8
40 33 3
33 37 10
40 13 7
18 34 6
10 56 5
34 4 2
4 25 8
34 27 4
9 22 4
9 48 3
9 79 9
29 35 7
23 80 5
38 78 7
8 66 3
1 52 2
34 74 5
9 37 1
31 47 8
23 51 2
5 47 2
10 43 3
5 72 9
36 5 5
7 15 8
31 35 5
18 56 10
7 34 9
10 22 4
40 65 7
21 33 8
37 21 3
3 51 4
17 36 6
38 64 8
14 33 7
32 17 5
25 46 5
35 44 7
6 16 6
22 12 7
25 68 9
36 7 2
30 39 6
40 23 2
30 55 1
28 23 7
22 17 5
25 60 6
27 39 9
10 31 10
30 43 2
12 34 9
8 57 3
34 31 4
1 28 2
26 1 7
12 13 2
16 9 4
2 72 1
8 36 1
11 46 5
1 28 7
3 30 3
27 36 1
22 53 9
27 38 7
35 45 2
7 23 8
17 27 9
1 7 7
11 69 10
2 71 8
21 15 10
38 80 5
38 64 4
11 36 5
19 19 8
18 62 4
19 59 9
2 3 2
37 24 7
29 71 7
10 32 3
34 45 9
11 58 9
23 72 7
4 52 6
37 35 9
39 51 7
35 31 9
20 28 6
18 30 1
20 5 3
22 16 2
24 25 8
36 78 10
21 62 5
39 75 6
9 47 6
22 15 4
4 46 3
5 17 5
3 47 1
40 44 8
35 7 6
5 48 5
30 64 7
24 5 2
40 55 3
24 11 9
2 55 9
9 10 6
18 14 3
37 31 6
40 77 8
32 16 5
3 54 6
2 65 1
24 35 7
12 21 2
5 36 2
3 9 3
16 70 6
27 63 9
26 1 9
37 9 8
30 43 9
18 49 5
30 56 9
12 79 5
5 24 1
8 65 6
27 12 10
6 1 8
20 34 6
12 6 5
37 73 6
33 13 5
2 2 3
2 73 5
16 22 7
9 46 4
37 29 2
7 22 6
40 22 3
22 44 5
37 47 6
33 78 7
13 33 8
7 34 7
1 74 10
25 31 10
31 77 6
38 31 3
15 1 6
20 60 4
29 21 3
2 54 1
19 24 8
19 44 4
31 54 5
36 35 7
20 6 1
22 45 6
24 4 4
31 6 7
23 67 5
15 46 9
31 62 1
39 20 1
17 34 8
24 14 9
15 75 8
35 14 5
20 63 4
33 63 7
27 35 7
1 48 7
29 61 1
7 36 10
29 1 10
27 77 4
20 59 2
35 77 10
33 58 8
5 31 10
27 26 6
3 35 5
22 54 9
22 36 3
9 62 3
21 21 7
3 77 2
26 38 9
21 51 3
12 35 7
37 19 5
2 45 7
5 7 8
27 76 5
37 61 9
26 15 5
10 18 3
2 49 3
32 37 7
9 12 5
28 45 4
7 12 2
28 61 6
40 34 10
37 60 5
22 24 7
31 63 9
36 14 9
3 16 3
25 54 3
25 67 3
34 40 8
38 11 6
26 22 6
5 42 5
28 23 8
32 37 10
8 41 4
30 38 1
1 62 5
9 44 4
9 80 2
7 27 2
17 1 6
4 31 9
21 78 9
23 37 5
23 28 1
29 44 8
4 58 4
36 72 6
3 78 4
4 6 3
40 39 7
7 11 1
2 77 10
2 72 4
6 17 8
28 73 1
16 18 7
33 60 9
20 18 8
9 32 2
25 53 2
12 55 6
24 69 1
34 77 7
29 4 9
2 7 10
7 8 2
10 50 7
29 14 1
12 70 7
11 53 9
34 17 2
18 52 9
12 70 7
20 9 10
30 5 8
37 19 3
35 3 1
15 74 1
31 65 3
23 60 3
30 52 9
18 3 1
3 75 4
19 6 4
20 49 8
22 24 10
38 3 6
26 59 3
26 7 7
18 78 9
33 15 2
19 72 10
37 1 3
17 75 5
35 15 2
40 38 10
33 23 9
4 77 6
18 8 9
36 56 8
9 62 8
37 63 8
10 24 9
27 48 2
24 19 7
22 29 1
22 58 6
28 14 2
31 49 2
21 1 5
39 17 6
38 37 5
29 25 7
24 3 3
16 44 8
37 21 5
12 33 4
14 12 1
24 48 3
17 61 1
35 19 7
14 17 7
10 23 2
23 9 8
20 58 1
37 25 5
28 16 7
24 32 8
32 40 6
10 67 10
5 26 10
29 28 5
23 31 10
11 55 3
32 17 10
5 61 3
28 52 4
35 12 3
33 59 9
2 18 4
7 15 9
4 3 6
28 60 9
2 54 4
21 45 2
3 32 5
2 28 3
30 80 4
9 24 5
22 42 2
12 18 1
27 27 4
38 36 7
14 63 6
1 14 1
11 24 8
31 70 4
28 15 5
6 7 9
20 52 3
39 76 8
6 44 6
8 9 3
3 12 1
14 75 6
18 43 1
33 9 1
5 66 4
25 7 5
11 78 2
22 30 2
22 63 9
6 24 4
16 18 8
10 74 8
26 62 8
9 64 5
37 40 6
28 61 8
26 55 8
22 4 5
20 55 7
24 79 7
17 66 1
21 16 8
7 27 6
19 66 4
34 19 9
10 33 2
24 28 7
10 54 10
19 2 5
19 29 2
12 75 3
2 16 10
24 61 8
28 2 5
11 24 3
7 42 8
17 1 10
27 37 8
22 75 7
36 1 8
17 39 7
25 17 8
17 9 1
7 28 6
36 61 6
31 17 5
35 11 9
18 59 7
19 36 4
23 78 1
37 74 3
30 24 1
27 3 10
4 7 6
34 74 10
6 24 9
30 25 4
26 37 7
38 15 1
24 69 10
22 64 2
38 73 7
13 36 2
9 68 10
27 31 3
2 62 3
38 20 9
18 31 4
28 25 8
19 5 5
16 74 1
38 53 5
40 73 8
12 27 3
28 71 9
6 69 9
21 55 9
28 8 5
5 23 6
10 46 9
3 11 7
2 72 6
3 45 2
39 75 10
1 64 10
6 27 8
13 35 2
15 27 9
30 45 3
23 13 7
35 73 6
29 72 2
37 47 3
29 42 8
16 1 9
10 23 3
38 34 8
20 71 1
39 53 6
24 71 5
6 51 9
15 1 8
38 79 9
30 33 9
10 15 6
37 75 3
7 67 9
1 11 8
31 43 7
13 23 1
22 38 6
32 12 7
19 16 9
36 7 5
24 23 10
12 49 9
29 14 3
1 20 4
35 3 1
1 12 10
29 70 5
27 4 3
8 66 4
27 28 2
40 57 6
30 54 9
30 61 1
22 3 5
3 16 10
6 69 4
2 27 2
6 79 8
40 30 9
8 6 4
40 24 4
