600 259 480
6 40 5
17 78 4
11 24 5
15 17 7
40 35 5
19 62 4
3 69 4
30 54 8
25 5 8
2 32 6
10 35 1
37 24 5
6 58 8
30 13 7
31 46 5
31 42 5
19 69 8
30 17 6
20 79 4
14 19 4
11 60 10
9 77 4
27 28 5
39 32 4
27 57 6
10 60 10
36 24 1
22 75 10
30 37 1
26 12 6
20 7 5
36 25 6
37 58 2
4 31 8
20 7 8
34 1 1
10 69 4
12 10 3
8 60 1
28 57 4
18 10 3
32 33 9
2 62 4
12 5 3
40 70 7
13 26 10
24 59 2
15 73 6
36 35 1
4 80 5
4 79 3
24 44 6
32 46 7
39 31 9
11 76 4
26 66 1
8 60 9
9 6 3
37 44 6
24 32 6
20 25 3
4 68 5
35 80 7
19 77 9
14 61 1
30 8 4
5 49 10
13 64 8
16 78 1
13 1 7
8 23 5
29 57 3
32 80 5
32 3 6
35 52 4
4 38 7
24 63 9
35 37 5
2 54 6
5 43 10
20 68 2
31 61 8
34 6 3
33 58 4
2 26 9
29 38 8
18 67 10
39 13 4
16 63 10
31 61 10
32 72 4
4 70 6
18 61 4
38 11 6
11 80 4
10 70 6
32 53 2
40 70 10
25 71 5
23 5 4
29 61 3
15 6 2
12 35 3
8 58 3
40 33 3
25 35 9
38 49 10
27 12 10
37 45 5
39 59 8
1 24 1
2 16 3
10 43 7
14 36 8
32 8 7
23 62 3
17 51 8
20 76 3
5 36 5
26 23 3
24 7 6
35 62 10
37 14 8
8 35 9
6 7 10
5 39 2
15 61 8
29 69 10
23 14 7
26 55 7
19 80 5
10 16 8
33 24 2
30 65 1
1 57 7
34 48 6
35 72 7
35 63 8
5 30 3
7 55 5
12 53 6
33 11 8
37 1 2
29 69 3
23 46 10
22 55 6
25 54 7
32 20 1
5 32 9
5 62 8
7 37 1
22 32 6
16 12 6
12 75 9
3 14 5
37 24 7
36 4 10
30 14 4
33 46 6
9 53 4
29 73 3
39 15 7
25 17 8
35 6 3
33 70 7
20 61 10
18 55 1
11 60 3
16 35 1
36 21 2
31 1 1
30 40 6
16 55 2
21 47 5
9 47 6
19 43 5
29 27 10
10 30 7
30 25 1
39 47 2
24 18 9
5 23 6
20 31 1
24 34 2
6 31 1
17 25 4
19 69 2
40 39 4
3 78 8
7 7 9
15 47 6
21 62 8
34 17 6
32 61 6
11 1 1
12 31 4
15 80 5
30 42 5
24 18 5
29 47 5
26 69 9
4 35 1
6 34 7
33 22 7
32 44 1
31 76 3
4 18 10
16 33 4
33 36 8
15 73 9
27 59 10
13 12 4
12 78 9
19 36 3
21 5 6
4 61 2
15 8 2
30 77 4
25 40 2
17 68 10
2 42 3
4 74 9
6 61 3
36 17 7
11 52 10
33 79 1
19 55 5
10 15 3
32 9 3
32 58 9
2 12 2
5 65 8
10 69 9
39 38 7
21 51 1
27 27 9
6 79 10
35 58 8
26 44 1
9 64 6
13 12 4
30 39 6
19 5 7
11 50 6
31 61 1
3 48 7
27 70 1
30 58 2
6 26 1
34 28 6
1 23 4
35 45 4
30 58 2
23 66 6
28 26 6
36 52 4
37 18 7
3 40 10
1 38 4
9 77 2
16 18 5
21 29 6
12 30 6
32 30 10
9 64 8
1 9 10
18 22 3
3 66 4
8 22 6
17 35 9
8 64 7
7 64 3
6 29 10
21 45 1
2 48 5
12 52 4
3 4 10
37 27 6
10 36 9
14 6 3
6 21 4
19 40 3
27 79 8
24 67 10
7 64 7
39 74 4
30 2 2
13 48 3
29 41 5
3 42 2
2 27 6
14 52 2
9 73 5
36 25 9
6 70 1
15 25 6
31 25 10
32 51 8
21 21 7
18 1 7
37 39 8
1 10 3
40 73 7
6 64 1
22 3 2
37 19 9
25 23 9
21 74 4
27 49 4
18 67 2
17 79 8
37 66 5
17 23 4
37 68 4
13 68 8
28 45 7
37 54 8
12 31 8
12 9 4
23 15 3
7 35 4
11 33 6
21 38 8
14 32 4
15 9 8
8 47 4
22 31 2
35 33 7
12 66 5
11 24 4
18 68 7
2 33 10
7 18 2
29 74 4
33 16 4
2 36 7
22 63 8
7 7 1
13 19 7
32 54 3
5 8 5
4 47 5
13 23 4
39 33 7
30 59 8
1 43 1
6 56 3
25 22 4
28 20 4
12 30 7
32 41 10
10 57 6
21 62 9
3 27 10
12 64 3
28 48 10
25 80 5
20 22 10
6 7 5
5 80 4
37 52 5
29 64 4
36 77 4
3 43 5
15 75 1
16 64 2
30 58 9
22 78 1
12 78 1
1 59 6
19 70 8
24 53 3
13 20 8
23 17 5
3 68 10
28 61 3
19 28 5
21 18 2
9 52 5
39 33 2
11 22 9
19 74 10
14 66 7
32 71 5
40 1 8
1 11 10
9 74 10
25 2 1
21 37 4
9 38 7
11 34 6
20 69 3
34 8 7
28 52 5
38 34 7
12 18 10
10 31 6
24 23 4
23 25 10
34 1 2
5 45 1
22 4 6
27 13 5
19 60 1
10 72 7
25 4 2
10 17 10
32 22 6
17 7 7
13 9 10
10 33 2
8 57 9
27 80 3
36 63 6
6 1 2
11 43 10
13 15 3
24 35 3
20 10 1
37 74 10
5 37 3
38 35 6
18 6 9
21 68 1
33 67 4
9 68 9
18 11 2
25 20 10
32 56 8
36 15 9
32 55 8
34 19 1
3 56 10
32 10 4
31 80 5
35 67 10
24 68 7
5 64 7
14 53 5
1 50 10
18 65 6
9 52 7
30 56 4
14 52 7
10 20 7
19 79 1
10 11 7
4 61 9
13 34 7
39 77 4
27 37 3
36 1 7
27 80 1
22 49 6
33 63 2
16 44 6
2 14 5
32 6 2
25 59 10
24 51 4
19 70 9
18 37 3
11 75 10
32 52 2
29 70 1
7 36 5
31 62 7
10 80 9
20 62 4
9 47 4
21 46 7
35 79 10
17 58 1
13 54 4
5 76 4
22 54 6
15 45 2
5 27 3
30 7 7
8 5 2
10 43 9
8 80 3
35 41 1
25 15 4
34 64 3
33 72 4
31 48 8
39 80 7
24 40 7
14 33 1
9 46 4
28 47 9
35 63 9
18 43 5
5 26 2
39 64 4
35 65 6
15 19 1
22 13 1
36 57 3
18 72 6
20 7 7
13 37 8
5 17 7
19 49 9
27 20 4
22 69 8
10 65 4
5 7 5
28 52 9
14 17 1
1 1 2
2 32 2
20 54 1
3 2 3
12 49 3
22 27 7
14 68 5
34 4 4
23 43 3
4 18 6
8 7 2
9 65 6
29 59 9
3 30 6
29 11 3
20 59 5
30 27 5
33 43 6
22 7 4
26 31 6
22 3 3
14 51 7
13 69 5
39 18 10
31 40 8
38 64 8
5 6 6
27 13 8
17 3 7
12 49 5
13 43 4
35 22 2
29 15 10
7 18 6
16 7 6
26 76 5
1 58 2
33 24 3
8 1 4
15 50 8
22 31 9
12 29 1
1 34 3
7 13 9
4 75 5
3 12 2
30 25 9
18 1 10
20 60 8
23 77 3
3 16 10
10 1 3
26 45 8
14 6 1
26 44 7
5 12 6
39 50 8
18 29 9
2 51 3
5 73 5
31 9 6
27 30 2
13 74 1
14 1 4
2 76 5
37 30 1
15 70 9
5 2 7
21 76 5
19 6 5
27 56 8
17 6 6
13 34 9
26 44 8
25 8 7
40 8 8
37 17 4
1 49 4
15 55 3
1 19 5
2 51 9
10 70 3
3 49 7
8 48 7
38 52 3
16 36 5
36 23 1
32 69 6
22 41 5
