600 124 486
25 50 9
25 51 1
29 53 2
40 36 5
3 30 10
32 13 6
34 19 4
14 38 4
17 41 10
9 2 8
37 12 5
32 13 4
36 62 10
1 18 7
10 33 4
16 44 10
5 44 9
39 67 7
37 54 8
31 13 1
11 1 9
13 33 7
34 37 9
36 35 4
24 64 10
16 2 2
31 4 3
24 43 7
37 54 7
25 51 3
8 68 1
28 4 5
13 7 2
28 31 7
24 28 6
24 67 10
23 57 5
33 2 3
27 48 4
31 30 7
4 72 5
33 56 3
16 12 9
23 26 6
39 44 5
2 59 2
4 26 8
10 35 6
4 74 9
15 27 1
23 12 9
31 59 7
28 69 4
30 15 2
32 30 10
7 30 10
39 36 3
2 10 6
37 47 10
1 12 4
9 76 2
4 28 1
22 80 6
32 69 1
26 61 3
14 6 10
7 26 1
19 78 7
29 7 4
3 33 5
19 22 3
37 15 8
31 66 4
15 3 8
23 32 9
23 31 1
35 64 5
15 53 2
28 30 1
8 43 8
10 60 7
26 27 4
10 9 8
23 43 5
17 66 4
25 79 5
38 45 4
14 73 5
4 68 2
36 70 10
32 68 10
19 28 4
36 32 6
8 38 4
4 62 9
32 17 3
34 62 7
37 15 5
37 36 8
8 16 3
25 78 6
6 18 10
33 44 9
2 35 2
32 51 2
38 22 6
36 50 5
27 61 3
12 18 2
39 71 4
8 61 8
16 4 9
2 6 5
25 80 1
1 51 10
28 68 9
1 72 7
26 72 1
34 19 5
6 7 6
33 65 8
8 63 1
1 24 8
5 75 2
15 57 9
1 50 1
27 71 3
2 68 5
18 35 8
25 56 5
32 70 6
10 37 9
20 41 2
25 34 9
1 50 1
36 54 2
24 69 6
14 40 7
31 26 9
24 79 5
26 38 1
31 25 2
3 45 1
33 53 2
8 27 2
36 56 8
37 5 7
31 48 5
29 23 5
39 56 5
15 30 10
15 17 2
10 39 9
37 73 1
18 14 8
40 12 10
2 16 9
38 7 3
39 14 10
22 18 5
37 21 7
28 16 2
6 21 7
31 19 3
38 20 10
13 31 3
25 9 3
37 4 6
37 51 5
40 53 8
25 48 8
15 19 10
12 18 9
18 57 1
32 24 2
29 1 10
30 79 7
24 3 1
24 44 5
31 41 10
24 31 4
16 60 7
34 79 6
28 42 8
15 35 8
30 40 1
27 46 2
34 56 6
30 3 2
1 49 10
34 10 5
26 27 4
16 13 8
27 28 3
2 64 3
19 48 7
16 74 3
24 41 8
6 67 7
19 23 4
35 23 2
24 53 5
13 21 6
19 67 9
34 20 9
27 6 9
39 10 3
15 52 3
14 3 7
27 10 2
8 25 1
9 8 8
38 48 9
14 25 10
1 71 6
9 78 4
6 19 7
23 38 7
6 65 7
19 66 2
4 70 6
5 58 9
1 17 4
30 12 7
29 12 5
29 21 5
22 61 1
3 2 4
36 33 8
1 1 1
3 5 1
21 61 7
6 53 10
21 79 8
34 29 1
13 59 5
19 56 9
34 2 10
1 48 7
35 47 3
14 36 5
3 58 3
9 1 10
25 12 8
13 31 9
25 13 3
26 47 2
25 70 6
5 10 1
37 32 6
3 36 3
2 47 8
38 24 9
26 11 2
30 74 8
31 27 8
19 25 2
28 57 1
5 48 3
30 56 9
35 14 8
5 41 1
39 80 1
11 32 3
21 77 10
14 68 4
2 36 7
11 17 4
40 1 9
20 14 4
37 17 7
12 46 9
36 14 6
5 15 5
40 22 6
25 52 9
12 10 6
6 54 6
3 64 9
12 55 5
9 19 9
29 31 3
12 62 6
23 15 4
22 25 2
16 64 4
17 20 6
34 61 4
25 75 3
20 29 2
10 1 7
21 19 6
7 79 8
12 52 10
40 31 3
4 78 9
37 36 6
20 72 7
40 80 10
29 20 7
27 70 9
30 4 10
9 13 2
29 34 8
31 49 8
25 35 10
27 9 10
6 38 6
1 44 4
38 61 10
5 51 10
20 14 5
30 74 4
28 42 2
38 50 10
36 35 8
7 54 7
24 16 7
15 77 1
29 48 7
30 46 8
39 61 8
11 79 2
25 14 7
23 9 5
16 69 4
17 37 10
21 75 2
18 42 5
23 67 3
17 54 9
16 28 6
18 24 2
24 53 10
29 62 9
32 78 3
8 33 8
14 30 1
12 27 4
7 72 4
18 16 8
40 53 6
23 80 10
5 30 10
16 51 9
25 22 4
10 8 9
5 9 4
40 9 4
1 51 5
40 36 1
14 64 5
38 62 10
20 56 1
28 30 6
3 13 2
19 79 10
14 21 3
14 34 7
2 51 9
22 18 5
13 9 7
23 56 9
2 59 9
34 45 7
31 27 4
23 35 9
12 67 1
33 76 1
26 35 10
30 32 7
13 68 7
1 8 2
39 15 2
36 45 10
12 22 6
27 24 8
26 62 4
32 79 8
14 37 3
13 18 2
30 53 2
6 40 4
40 14 2
29 34 6
21 2 2
34 53 3
14 54 4
32 52 5
6 68 3
10 64 10
37 60 2
17 61 9
40 54 9
31 59 9
14 73 8
38 2 6
3 40 1
14 10 7
18 67 5
29 32 5
10 21 2
37 14 8
5 42 7
10 59 8
23 74 8
5 65 4
30 72 4
6 79 8
30 4 8
38 40 5
12 67 10
33 3 9
19 2 1
17 75 7
3 69 3
33 35 10
40 3 6
35 45 5
18 10 7
17 41 4
12 30 3
24 23 4
5 49 7
21 15 2
35 21 10
8 27 10
18 40 2
13 22 10
29 30 9
31 57 4
3 27 7
29 56 9
4 24 3
34 56 8
33 64 7
21 29 9
26 10 9
25 10 7
32 15 7
35 59 5
7 73 7
8 58 6
22 47 3
35 65 6
3 18 1
3 65 8
26 74 10
39 67 8
35 71 4
18 47 9
3 69 6
22 9 8
21 74 9
28 36 6
12 71 3
7 62 2
28 41 10
32 18 6
25 39 4
7 5 6
28 37 6
19 59 10
12 60 5
30 16 8
19 54 10
10 66 8
33 50 6
6 44 6
20 80 8
18 80 9
13 14 7
15 62 1
5 69 10
4 32 9
38 60 6
34 28 6
12 50 1
36 31 10
39 40 8
22 53 6
8 12 3
35 52 8
31 36 9
4 27 9
34 24 10
23 43 5
16 23 9
4 27 5
15 57 7
26 28 3
24 52 3
24 40 4
36 39 5
15 67 1
6 32 5
38 80 4
15 53 5
6 6 1
17 31 8
3 2 4
3 61 7
11 46 8
5 7 10
28 22 5
32 67 10
21 22 4
28 78 9
7 55 4
33 16 7
36 42 1
40 47 5
16 10 3
15 77 1
32 30 2
29 7 3
8 9 2
1 34 9
26 21 10
31 69 1
2 29 2
9 8 10
29 29 8
19 30 4
23 58 3
31 43 5
28 13 1
20 56 4
12 20 2
4 9 9
38 17 10
40 38 3
4 3 4
8 61 3
12 17 5
7 10 3
37 20 9
26 1 1
27 6 5
28 48 5
7 59 5
15 48 5
28 78 8
12 16 1
35 75 9
23 19 4
33 31 3
38 43 9
39 19 2
34 63 10
3 68 3
17 47 6
30 22 9
25 79 3
18 50 10
15 30 10
12 37 6
30 72 2
11 40 2
11 34 1
28 58 2
14 46 6
38 6 3
12 41 2
32 19 2
13 55 6
31 65 1
26 63 7
17 57 6
25 31 10
27 4 8
21 62 3
25 76 6
25 29 2
28 20 7
24 78 9
5 62 2
5 22 9
12 38 4
37 28 3
12 43 2
37 55 7
18 59 8
37 66 2
40 3 2
37 58 10
14 55 8
30 45 8
3 16 6
3 15 5
27 68 6
10 11 3
7 75 5
12 52 10
22 25 1
23 19 5
39 5 10
26 1 7
17 77 6
35 74 9
