700 321 353
17 43 10
16 4 9
2 24 7
19 68 2
37 7 6
29 61 6
30 17 8
27 17 10
4 54 3
20 22 3
14 20 9
3 63 2
20 79 2
24 19 8
35 54 3
37 17 6
6 31 1
31 42 2
4 75 8
16 60 8
23 30 10
11 38 6
10 27 7
26 38 7
4 14 9
9 44 6
6 6 9
25 79 3
32 48 4
30 43 1
5 34 8
21 42 5
20 41 1
27 30 10
24 30 8
7 15 5
24 20 8
5 67 7
2 35 7
20 31 10
9 16 4
15 45 5
16 21 4
20 72 10
26 73 1
7 54 2
23 54 10
8 68 4
31 9 6
15 72 10
15 56 5
23 40 6
14 8 3
32 15 2
27 28 1
28 79 2
17 1 10
30 75 9
33 3 3
36 31 1
37 56 1
16 33 6
36 34 9
22 16 7
25 26 9
4 38 8
1 30 6
26 4 9
9 42 10
21 41 8
20 59 10
39 75 9
12 20 10
23 16 3
10 17 3
12 25 4
32 21 7
12 45 6
26 27 2
40 54 6
10 77 9
6 45 10
22 26 4
10 76 5
36 35 10
11 66 7
35 46 3
15 24 10
4 65 6
16 39 9
9 73 5
4 23 1
29 14 7
34 80 5
36 56 3
21 54 9
30 33 7
28 47 7
37 25 10
15 21 9
4 5 1
17 78 7
30 59 1
1 50 10
33 17 6
37 36 8
13 11 7
27 78 3
25 10 2
12 12 10
5 22 6
16 32 7
26 19 3
11 23 7
8 72 7
17 60 6
24 53 10
30 71 8
8 54 5
37 16 6
28 9 8
13 28 4
28 78 6
20 3 6
17 61 1
21 76 4
1 41 8
23 76 2
19 75 10
35 37 6
2 34 1
35 46 9
32 45 6
18 61 6
26 52 9
40 4 5
22 5 6
2 79 7
3 61 1
23 6 10
26 47 10
40 71 3
18 49 2
14 4 3
24 76 7
9 45 7
37 5 6
31 59 10
36 28 1
30 39 7
16 54 2
3 38 6
4 65 4
26 44 6
33 51 1
33 62 6
40 63 5
9 60 3
24 8 1
8 56 7
28 17 8
27 21 6
20 20 8
23 75 9
37 62 4
40 19 6
3 45 9
25 29 10
14 26 1
17 19 3
18 25 8
6 53 7
3 16 1
31 80 8
30 13 3
9 14 6
5 43 9
17 57 9
2 42 1
25 77 9
40 39 7
1 34 7
39 32 2
32 59 7
33 14 6
18 14 2
1 42 10
21 78 9
20 57 9
9 2 3
11 7 6
31 49 7
25 36 8
40 68 1
28 18 9
7 57 9
38 72 4
36 1 1
31 24 8
27 65 5
3 8 4
7 65 1
6 17 1
5 64 6
14 1 5
6 46 2
10 40 5
9 71 3
19 55 5
15 80 3
32 9 4
10 17 1
19 36 9
21 55 1
7 56 4
23 74 6
21 47 7
21 29 6
11 31 4
6 50 5
7 10 3
6 80 3
33 42 4
19 19 6
4 45 5
1 30 8
19 46 8
13 62 4
34 53 9
40 29 6
6 31 1
11 12 9
7 33 6
38 76 6
21 69 8
20 55 5
8 27 3
35 21 4
16 18 9
25 18 4
25 54 7
36 53 10
26 58 6
36 38 8
18 72 9
36 74 10
38 27 3
15 8 8
11 36 7
2 74 8
35 64 2
29 23 2
17 79 9
10 32 3
25 5 4
5 18 5
25 54 7
3 11 10
20 18 1
23 54 6
27 32 1
11 4 5
26 47 2
39 42 4
30 53 3
26 54 3
2 40 4
6 75 2
23 71 1
5 39 3
38 56 7
28 29 9
36 68 3
30 61 9
31 33 1
21 20 9
12 35 1
21 23 5
20 8 7
31 50 4
18 78 10
30 21 7
21 66 5
9 62 5
7 57 5
33 64 8
1 43 3
5 56 1
15 7 6
25 59 3
25 72 4
7 7 5
35 60 10
20 13 9
32 36 10
29 63 2
37 6 1
39 38 1
30 1 7
13 48 7
13 41 1
11 54 1
18 41 6
5 6 4
5 69 8
12 61 3
20 74 1
24 74 7
19 65 7
17 50 7
19 34 6
13 54 8
32 32 10
30 77 5
19 79 5
14 45 8
18 80 6
6 54 10
23 77 8
4 78 1
2 25 10
5 61 5
22 3 9
26 21 3
6 13 3
14 3 1
17 50 1
32 57 5
40 73 9
36 7 10
38 9 6
29 39 5
24 45 1
40 35 2
34 5 9
26 78 7
38 13 2
1 22 6
22 30 6
14 32 5
16 16 1
34 11 3
33 27 8
21 42 5
27 45 9
5 12 4
27 69 2
13 1 10
36 74 3
19 34 7
25 12 8
20 30 7
8 54 6
11 65 10
32 59 8
8 32 6
8 75 8
1 28 5
22 18 8
15 77 4
14 58 9
21 15 6
33 7 10
26 43 7
33 20 3
10 65 5
36 14 2
12 40 2
20 41 10
31 42 8
9 23 10
20 28 3
2 74 4
18 34 5
8 33 1
18 65 7
38 15 6
25 74 5
10 1 9
9 63 7
10 79 4
3 69 4
6 23 3
12 18 9
4 52 9
32 14 4
30 12 6
35 58 7
20 66 6
34 42 1
33 37 2
10 58 4
9 74 3
40 23 4
30 15 1
34 20 9
30 46 2
21 78 9
39 21 7
11 25 9
31 32 1
8 55 3
38 6 3
21 2 6
16 10 8
18 67 2
25 68 2
34 50 6
36 55 7
1 37 7
19 14 10
40 16 4
15 18 1
7 49 4
11 46 7
30 4 4
34 9 5
40 44 2
2 7 9
3 77 2
31 68 5
34 2 6
10 56 1
36 42 8
27 36 9
30 49 7
13 53 9
33 44 9
6 45 9
18 68 5
17 68 3
7 35 3
32 8 5
34 18 9
19 64 5
38 32 1
13 51 2
27 6 1
24 71 6
20 63 8
29 58 4
31 71 1
17 56 7
36 32 2
36 63 4
8 31 5
39 6 6
24 53 10
18 76 7
36 36 6
9 41 6
19 75 9
4 46 9
15 1 9
32 55 4
6 58 4
5 57 6
33 41 4
40 44 10
16 47 5
8 70 2
36 80 8
12 50 1
22 41 4
37 17 4
23 27 2
30 15 8
30 66 5
36 43 7
32 26 10
11 34 7
23 72 4
8 79 8
40 74 8
26 24 7
12 79 8
23 48 2
4 15 10
22 11 9
24 32 1
12 1 3
21 29 6
17 63 3
2 42 6
27 43 10
22 12 7
2 34 1
12 27 4
39 72 1
37 46 2
4 45 6
8 2 1
1 24 4
37 24 6
12 62 2
34 41 3
19 25 8
16 54 10
19 39 9
37 32 5
19 13 2
15 72 4
4 56 3
18 72 5
33 28 4
21 35 10
19 72 2
5 40 4
34 66 9
12 47 5
1 51 6
1 43 9
24 65 7
12 49 3
21 17 4
11 3 6
34 61 5
31 14 2
11 42 4
9 51 8
26 63 6
34 13 3
30 53 7
12 35 9
39 32 2
9 62 2
6 71 5
16 24 2
24 77 1
35 68 2
28 34 7
22 6 2
23 66 10
4 54 5
14 24 2
1 65 10
8 12 7
27 58 6
33 57 8
4 62 9
27 38 10
11 7 7
1 69 4
21 34 9
27 22 9
38 55 2
12 50 6
38 64 7
40 25 7
34 21 7
39 5 3
31 31 5
3 67 10
2 57 9
40 46 3
5 78 7
20 76 2
6 20 5
18 21 7
26 30 6
9 70 4
34 13 5
23 71 3
20 73 2
8 70 3
39 15 3
12 43 4
2 23 10
14 36 4
38 23 4
23 14 3
22 73 5
24 51 4
23 53 3
33 30 5
18 3 10
3 63 4
37 47 9
25 58 2
17 66 7
29 34 8
18 35 3
24 73 10
17 43 1
3 27 5
5 22 4
36 55 8
34 77 10
1 13 10
33 72 7
37 51 4
5 35 8
31 34 7
15 18 7
34 6 7
16 62 1
38 22 3
5 34 5
19 15 5
27 31 2
23 24 10
25 46 5
29 25 5
3 50 2
17 47 2
39 66 6
15 21 2
18 58 7
7 56 3
21 25 4
17 64 6
37 14 8
18 66 7
13 7 4
23 67 6
40 68 4
12 76 8
27 25 7
24 16 9
29 55 7
14 13 4
30 41 4
7 13 3
18 60 4
35 31 7
22 20 8
21 28 3
38 3 1
23 25 1
33 58 10
24 57 7
11 73 6
14 31 10
15 5 1
13 24 2
37 40 1
2 74 1
10 6 10
40 76 7
26 75 6
22 48 6
9 3 3
19 74 7
11 46 7
25 78 4
23 5 2
5 6 1
4 46 6
18 80 9
24 55 5
29 33 4
40 57 3
3 29 7
11 48 6
20 45 1
10 73 10
4 35 1
31 41 3
2 30 10
29 23 3
9 38 4
30 25 4
1 38 3
2 18 7
24 11 9
30 62 8
25 75 6
26 61 10
35 21 9
1 61 2
34 57 5
16 36 8
22 44 5
27 44 6
3 20 2
26 62 1
35 38 4
29 51 7
19 37 3
8 76 10
40 55 7
13 63 2
4 41 8
12 21 7
16 45 3
30 55 6
17 17 3
28 45 9
34 22 10
13 46 5
13 8 7
27 67 4
31 78 2
25 64 7
26 21 10
5 73 3
12 66 2
23 72 1
5 24 3
26 41 2
