700 104 423
36 14 5
40 27 3
18 10 1
27 1 8
14 77 3
31 42 4
13 60 9
25 19 4
27 31 7
36 58 6
27 70 2
19 44 1
31 31 9
23 16 5
30 14 9
15 52 4
17 31 6
32 58 4
39 18 7
16 6 4
19 69 9
24 13 10
12 60 7
27 23 8
16 56 7
38 53 8
1 7 3
13 10 7
34 5 8
17 61 1
27 1 5
12 21 3
24 69 5
2 76 1
28 66 3
5 68 4
25 14 8
2 3 9
32 15 4
32 21 3
21 73 9
37 30 4
3 68 3
20 64 6
26 18 3
2 32 5
37 47 1
27 13 7
6 45 7
8 62 2
39 41 4
5 44 9
17 11 5
2 39 4
17 72 7
2 55 10
13 21 4
2 11 4
26 2 10
28 21 5
28 78 7
33 76 10
20 57 1
9 18 7
32 34 4
9 7 2
21 5 6
24 75 7
3 32 5
40 72 5
13 23 8
7 45 2
19 71 2
10 49 7
5 78 7
6 39 2
30 26 1
27 10 7
18 8 7
30 51 10
13 75 1
18 62 1
32 75 1
19 30 10
28 23 3
24 37 10
32 61 8
12 79 7
1 2 4
22 2 6
10 30 9
40 21 6
30 22 5
2 51 7
8 75 9
5 59 2
29 12 10
6 54 1
22 22 4
10 5 10
15 22 4
1 74 5
6 77 1
3 18 3
25 56 8
25 11 2
29 21 3
23 78 9
33 45 4
22 68 9
10 28 1
9 73 10
29 35 6
40 32 9
14 48 7
6 57 7
40 48 4
27 13 4
28 3 10
40 27 4
8 21 9
30 46 9
21 60 9
29 67 2
4 64 7
28 66 7
5 59 5
34 29 2
9 33 4
23 28 3
9 60 6
33 65 8
28 61 8
16 33 9
12 75 8
32 17 8
20 59 9
38 74 8
38 78 7
35 8 8
23 72 5
34 79 1
18 22 1
34 56 10
27 58 6
33 74 7
32 18 4
36 40 10
1 54 3
1 3 8
38 68 9
36 50 8
2 49 3
6 31 7
11 1 1
11 7 5
30 12 1
4 19 8
38 9 5
40 9 9
5 38 1
36 41 1
12 75 1
17 37 3
28 45 2
24 44 2
16 3 2
5 61 10
32 51 9
8 63 5
31 24 6
32 65 1
12 5 8
33 80 6
20 21 9
30 22 1
38 68 8
14 69 3
33 3 8
21 24 4
4 44 3
18 73 5
5 13 1
18 3 7
32 13 5
28 22 1
3 41 6
7 28 7
10 24 8
15 41 5
2 55 9
26 35 3
4 38 1
18 54 3
25 78 5
17 61 6
9 2 2
5 26 9
8 65 2
39 1 8
27 79 9
17 62 1
26 33 10
40 26 1
12 29 9
19 2 2
32 59 6
14 66 1
4 6 7
32 33 9
5 66 10
8 40 1
27 36 7
21 50 1
24 25 1
19 42 2
21 31 3
28 4 1
30 37 6
18 71 5
38 78 10
36 23 5
31 30 3
7 35 2
14 10 6
3 23 4
22 20 1
34 23 10
23 51 1
23 3 7
30 34 8
22 7 10
25 12 7
27 77 9
15 71 1
6 67 9
10 5 5
15 54 8
17 73 9
5 47 6
6 24 9
29 58 10
29 52 8
15 41 3
38 33 8
2 69 7
40 35 1
10 58 4
30 60 9
33 60 1
39 21 1
30 58 8
13 29 8
29 74 3
6 48 8
37 10 3
13 2 6
37 16 6
2 64 8
30 18 6
3 60 8
28 59 4
12 78 6
21 8 7
27 78 7
14 6 4
23 15 3
18 33 10
34 48 4
35 75 4
37 71 2
25 72 10
2 43 10
26 5 9
20 71 5
12 75 1
5 74 9
9 14 2
20 12 5
27 21 1
36 79 9
28 24 8
8 56 2
40 23 7
6 5 10
16 62 4
5 50 5
6 9 5
15 17 6
25 64 9
29 34 8
20 55 3
10 13 8
39 2 3
8 29 5
36 52 3
36 63 3
14 1 4
34 38 5
7 44 3
39 24 2
20 47 4
39 7 7
29 38 1
29 18 2
16 69 2
18 47 3
36 23 10
33 21 3
23 60 1
5 56 2
25 69 7
17 3 7
28 47 5
18 72 5
21 32 10
38 53 7
8 50 1
36 7 2
23 9 8
27 76 8
12 56 7
21 37 7
23 19 10
19 29 5
27 49 4
2 71 10
10 64 7
22 66 8
33 24 4
40 51 6
31 50 4
24 29 3
38 32 3
17 72 9
9 3 1
7 23 9
32 9 7
7 3 1
15 80 7
28 74 8
39 58 5
31 26 6
27 80 9
27 30 9
31 2 4
38 20 7
40 38 1
22 24 1
31 75 1
39 35 8
40 74 5
33 8 7
1 18 10
13 68 9
2 69 8
39 18 1
33 45 10
36 47 9
38 52 2
22 79 5
36 28 2
31 44 6
31 78 8
8 48 8
33 61 6
9 21 9
40 25 5
17 80 7
38 6 5
31 52 10
32 67 6
29 74 2
15 40 2
30 40 3
9 30 9
4 77 10
11 64 4
29 53 2
10 78 2
20 70 7
34 28 8
28 75 6
16 31 3
10 42 6
13 75 9
15 47 5
3 34 8
28 72 10
24 45 6
16 45 7
36 61 10
23 36 4
24 42 6
22 43 7
10 35 3
13 80 1
1 33 5
11 27 3
33 70 6
40 6 5
29 43 6
3 18 9
17 16 8
21 78 8
40 71 6
7 42 5
35 2 10
18 22 5
20 61 9
36 48 8
39 42 3
14 9 7
3 69 9
13 23 2
1 12 1
32 46 10
12 63 5
12 63 4
12 68 7
15 13 5
5 60 5
40 71 2
16 18 7
10 12 7
27 73 7
3 80 8
17 42 4
7 67 2
28 61 10
12 27 2
14 64 10
8 27 4
12 21 10
7 71 6
21 17 5
22 34 6
35 55 3
35 48 5
24 18 5
2 24 6
14 65 7
26 40 7
31 13 8
40 54 9
27 79 5
23 60 2
17 37 10
27 73 4
9 40 4
17 23 2
2 7 7
16 47 7
25 31 7
39 9 9
2 67 8
29 5 8
4 5 5
18 53 1
30 59 7
24 75 9
21 76 1
39 61 8
25 44 5
10 29 2
16 78 3
24 48 6
11 78 3
35 37 5
38 57 9
10 10 3
15 31 5
14 38 9
10 65 5
20 55 6
11 69 3
38 47 4
18 8 4
33 35 7
24 11 2
13 42 3
1 79 5
5 56 9
10 53 6
39 74 6
3 64 3
19 32 7
19 13 9
10 29 5
28 40 2
8 49 9
32 36 7
2 50 7
34 50 2
15 36 9
8 15 9
36 36 10
2 1 9
29 45 7
6 45 8
12 73 2
33 48 2
23 60 4
33 23 2
37 48 4
16 31 2
27 8 2
40 7 7
1 13 3
34 60 10
23 20 9
5 18 5
26 42 10
38 70 10
21 50 4
8 77 3
14 50 8
16 1 2
13 40 8
5 56 1
11 49 7
3 48 4
25 32 4
37 52 7
9 71 6
23 21 4
18 48 7
12 74 6
11 73 8
37 50 10
33 49 2
30 32 5
5 25 10
5 14 2
18 34 8
4 40 10
34 77 3
19 28 2
37 27 10
20 6 3
38 17 7
31 6 5
21 10 4
31 57 1
33 33 2
38 6 2
24 52 5
31 71 10
37 39 6
29 72 2
28 2 6
31 66 9
15 70 7
38 17 5
19 65 4
7 62 2
30 4 2
32 23 10
3 11 9
35 43 7
36 19 2
25 47 1
32 13 6
9 35 7
25 1 9
10 1 7
25 16 8
9 25 9
38 23 8
20 4 7
16 19 4
25 49 6
38 73 2
1 56 3
23 69 10
8 35 6
39 41 10
22 75 7
1 70 1
36 2 7
3 55 9
10 49 8
3 34 4
40 6 1
6 67 2
8 14 5
12 78 9
13 66 3
37 2 6
13 44 10
22 22 3
10 9 5
9 16 3
33 56 6
14 57 6
3 40 1
22 46 2
24 20 7
15 71 5
26 54 2
13 52 10
39 39 8
3 1 6
4 71 4
33 59 5
7 68 7
33 65 9
11 59 1
6 26 2
32 29 8
40 10 9
34 3 10
39 7 4
16 43 7
36 74 4
29 63 10
3 64 7
27 5 7
8 46 3
12 79 4
19 3 3
2 78 2
1 58 8
19 49 8
4 63 6
26 11 9
29 60 6
32 35 1
35 78 9
38 73 6
20 75 4
19 74 4
16 45 10
27 36 6
3 79 2
12 72 1
9 43 10
39 40 1
5 30 10
29 51 8
27 42 10
27 55 4
29 66 8
27 73 4
33 49 7
33 34 9
23 77 7
18 67 1
14 27 1
1 8 1
19 79 6
32 17 1
10 52 10
33 47 9
35 41 10
40 67 10
17 45 8
14 4 1
19 51 6
17 15 2
31 57 7
34 61 8
17 10 4
35 37 3
21 55 6
11 70 3
1 7 1
26 64 2
26 73 8
40 73 10
23 57 7
31 39 2
18 13 7
33 64 5
6 76 4
31 65 2
3 30 5
30 26 1
7 35 8
31 70 1
9 16 1
14 2 2
28 21 6
8 15 1
6 26 9
21 30 9
33 11 1
17 36 10
31 61 4
4 71 9
6 44 8
11 12 8
19 25 8
4 66 5
37 1 5
17 55 7
30 29 9
1 40 7
33 75 3
4 15 7
