700 272 529
18 61 6
40 69 3
1 34 5
4 18 7
34 34 7
35 39 6
31 41 8
15 48 10
28 31 8
7 47 8
14 74 5
14 12 6
11 39 8
39 44 1
2 12 2
17 72 2
25 45 2
34 76 3
38 53 3
1 64 6
30 2 6
39 5 1
37 31 10
17 42 7
33 65 2
15 45 6
26 50 1
39 59 7
10 64 2
1 55 5
26 3 5
27 65 4
22 2 1
30 59 4
12 40 6
35 6 6
10 7 9
26 43 7
32 51 10
1 14 6
22 76 8
4 69 9
24 26 6
12 49 7
25 45 10
26 34 1
27 11 2
13 29 2
33 78 5
29 10 9
25 21 6
5 56 2
35 16 4
9 64 8
13 78 5
15 18 4
38 24 6
21 49 4
12 45 4
24 41 10
10 33 2
5 30 9
36 37 4
22 13 9
30 32 2
21 76 6
15 31 10
30 50 9
29 28 9
22 5 3
22 65 3
31 38 6
18 36 10
21 68 4
17 50 5
26 15 3
39 65 7
9 64 1
25 70 3
40 5 8
26 75 7
4 35 5
39 66 10
11 39 9
13 13 10
27 5 6
28 3 5
21 10 10
30 69 9
14 46 10
12 56 10
16 53 10
39 69 3
10 44 5
6 5 5
21 25 3
8 49 9
20 34 6
2 16 7
19 50 3
6 11 7
28 76 10
36 61 3
13 28 6
19 55 6
33 62 5
37 50 6
14 74 8
27 51 1
25 36 3
17 13 8
29 78 3
39 75 10
26 69 7
4 50 3
32 36 6
6 47 8
24 58 1
6 4 5
8 39 6
37 63 6
1 37 5
2 75 10
28 69 8
15 39 9
8 77 3
23 21 5
33 72 3
19 42 7
26 35 2
18 77 6
7 6 7
5 61 7
23 28 6
20 33 3
13 76 1
3 9 7
36 17 5
9 63 5
3 6 5
22 71 3
17 33 1
31 36 9
37 14 2
30 68 2
5 23 1
37 68 6
16 73 9
28 75 10
22 49 8
7 35 6
32 58 7
15 78 4
23 61 2
2 9 7
19 67 5
18 27 3
13 52 4
24 9 2
30 51 6
18 50 9
2 15 6
14 35 6
19 70 4
12 28 8
6 61 3
20 20 6
1 45 6
8 64 8
26 23 1
33 67 2
39 27 5
28 74 4
29 74 3
24 63 9
25 75 7
4 71 6
25 18 5
20 44 1
15 46 1
8 46 8
18 64 2
35 50 6
17 49 3
23 28 6
5 11 9
13 45 10
28 26 9
17 54 10
39 60 3
17 34 1
6 61 9
13 19 9
9 79 9
22 3 1
33 12 4
14 36 7
24 15 2
13 75 7
18 46 1
3 65 1
7 25 8
28 74 3
3 23 6
30 19 5
28 17 2
29 39 10
36 33 9
19 44 3
28 49 9
19 33 8
4 41 1
23 14 4
38 5 8
8 5 2
31 64 4
17 46 4
12 53 9
16 73 3
23 55 8
24 53 10
23 50 9
11 51 4
4 4 3
24 30 8
28 72 10
26 76 8
22 79 6
17 75 3
28 12 7
11 30 1
17 42 3
31 70 10
22 10 7
6 32 8
25 10 8
4 71 7
21 54 10
26 4 3
8 50 9
26 4 1
33 78 10
11 9 7
25 24 8
28 59 9
11 71 4
15 59 5
30 40 2
9 17 5
3 62 3
36 47 10
28 13 5
40 27 3
24 17 6
28 74 9
19 60 1
2 41 8
6 8 1
7 3 8
33 11 5
32 69 7
40 23 1
1 67 5
18 54 6
14 32 2
7 26 7
32 20 2
19 42 3
20 75 7
26 61 6
23 5 2
39 16 2
11 26 7
22 39 4
20 14 1
16 22 4
28 80 4
26 4 2
8 62 6
2 15 2
5 35 4
28 41 5
11 18 6
20 64 4
8 24 3
21 77 7
6 41 3
29 42 1
29 26 10
33 23 3
25 30 9
21 78 5
22 68 7
20 21 3
1 38 1
26 75 7
32 44 9
3 75 6
22 21 2
26 1 6
6 65 5
2 40 3
19 47 6
39 71 9
30 24 8
8 55 3
19 36 3
30 13 3
38 58 9
40 40 6
3 1 7
13 55 5
7 61 9
12 58 3
26 31 8
34 64 3
11 52 4
2 39 9
30 8 5
19 71 9
39 16 1
27 78 7
37 79 3
21 23 4
1 26 5
1 5 1
23 22 5
1 55 10
24 56 4
39 25 7
39 8 7
32 76 5
32 46 4
10 33 8
12 11 1
13 52 2
5 51 9
11 44 5
33 40 9
32 29 4
38 20 9
15 32 4
32 6 8
10 75 9
33 18 6
8 57 9
35 54 2
30 43 5
38 24 7
37 31 2
20 59 9
23 36 2
17 9 2
5 40 4
35 14 2
27 45 8
39 56 9
1 32 7
1 58 7
4 20 7
12 64 8
32 14 2
28 35 10
7 48 10
2 8 7
22 39 8
1 5 4
2 72 6
12 6 9
8 42 8
3 8 7
1 69 9
8 46 2
37 34 9
39 69 1
18 67 6
37 12 2
7 3 10
8 49 5
34 9 2
7 48 2
7 72 2
2 66 6
26 75 5
2 38 10
33 24 5
14 65 7
14 5 10
4 30 3
3 40 7
16 61 8
29 49 4
3 5 9
35 64 7
7 51 4
27 36 4
33 52 6
28 63 8
15 35 10
9 52 9
13 23 6
24 72 6
20 9 8
31 1 2
34 51 2
27 71 7
37 57 6
5 71 8
27 32 2
29 67 8
29 66 9
28 35 3
27 75 6
24 3 6
13 42 4
12 25 1
9 19 5
22 28 6
39 32 10
4 43 4
15 50 9
13 69 5
30 16 5
11 11 1
38 39 8
8 42 5
19 76 3
37 58 8
11 21 5
33 49 5
39 16 4
16 41 4
4 25 4
37 64 5
22 39 8
29 78 5
33 54 7
21 61 10
23 12 10
39 64 2
6 54 4
27 23 6
25 19 5
35 52 7
31 38 8
10 57 4
10 13 10
20 12 7
1 45 9
5 42 10
3 15 8
14 73 5
34 74 5
21 54 4
13 39 1
29 2 9
13 13 9
33 41 10
32 52 8
7 2 3
4 77 6
13 32 2
15 74 10
13 22 5
10 22 10
21 67 4
28 79 9
36 69 10
9 79 10
19 29 7
35 59 9
10 22 4
2 77 7
4 51 8
14 40 2
18 69 1
40 61 4
36 5 1
10 38 5
40 31 3
36 7 5
19 25 2
19 15 9
2 25 3
38 56 10
2 49 6
40 58 1
32 38 7
2 28 8
24 72 4
31 1 3
1 2 3
18 21 8
8 27 9
14 60 4
16 4 9
7 58 9
14 21 4
25 31 6
39 74 2
39 35 7
24 32 4
26 38 6
37 4 8
35 46 5
40 19 4
12 35 4
8 69 5
7 34 1
6 78 8
6 44 10
26 56 10
6 72 3
8 1 3
15 37 5
12 69 8
37 31 5
14 39 6
6 74 6
15 55 1
37 39 1
10 40 5
11 70 3
37 58 5
33 18 3
3 38 8
2 63 4
13 22 7
14 19 10
17 59 6
20 16 9
40 4 6
36 4 7
40 65 3
28 70 2
29 35 5
20 35 7
2 22 4
20 25 6
2 63 1
22 8 3
39 6 6
14 29 1
13 64 10
4 10 5
39 47 8
39 16 4
28 8 9
5 26 10
6 51 9
17 79 1
39 5 4
31 15 3
32 75 5
32 16 2
16 21 4
31 28 7
17 12 3
13 51 7
19 65 5
5 53 2
16 74 7
15 60 10
11 51 7
15 24 10
36 78 7
10 45 5
3 72 5
21 32 8
36 13 6
37 60 8
27 33 1
2 80 9
33 63 5
20 33 6
9 6 4
4 77 4
27 50 6
37 46 8
26 29 3
27 12 10
3 52 8
33 16 3
22 62 2
40 43 4
36 69 1
7 72 10
10 61 3
9 57 2
30 26 2
21 74 10
29 13 8
26 44 8
21 14 4
33 60 9
32 34 1
24 17 7
29 45 9
16 10 10
12 42 1
39 79 1
31 12 7
34 68 7
35 19 8
29 57 4
13 5 8
5 30 3
23 8 7
8 12 1
32 45 10
37 17 6
20 52 9
16 67 9
40 70 4
6 60 5
14 74 7
13 58 10
5 13 10
3 4 3
12 49 10
20 31 5
31 33 1
35 79 2
10 29 2
27 77 5
11 31 6
15 53 10
10 48 6
32 28 5
7 63 8
4 22 3
12 44 3
4 15 7
31 54 4
12 36 4
7 47 5
34 78 2
12 17 2
40 34 7
7 26 10
10 9 7
36 45 5
7 20 9
34 49 10
7 47 3
2 63 6
8 51 3
32 1 3
14 48 5
3 79 8
20 74 2
12 17 6
34 54 5
13 63 8
9 26 1
14 76 2
16 37 2
14 80 6
34 37 3
12 48 5
26 60 6
35 18 4
38 79 2
14 14 9
40 25 10
36 21 4
28 21 10
18 66 4
11 26 4
6 79 3
24 74 1
11 64 5
18 13 7
13 57 5
12 5 1
18 41 3
1 6 6
29 6 4
34 38 7
36 55 2
23 48 9
7 30 3
3 22 7
36 57 10
32 50 6
26 32 8
27 61 3
7 1 6
35 24 4
9 57 7
33 70 1
38 16 7
39 72 5
20 10 9
37 63 9
20 68 1
30 23 6
15 74 7
4 62 4
8 60 1
