800 271 532
29 1 6
25 79 6
34 22 3
31 16 9
15 44 9
14 73 2
27 36 10
16 72 8
35 63 1
36 33 8
34 67 10
16 25 10
31 5 2
3 22 4
33 58 5
30 61 8
40 22 8
36 42 4
20 67 3
26 24 1
26 30 2
31 56 2
15 2 10
13 40 9
13 40 3
18 32 8
17 34 1
17 29 5
15 77 8
10 63 3
38 72 7
35 32 5
30 34 1
36 21 4
6 74 9
19 75 7
22 72 6
25 54 5
19 74 6
15 79 10
35 25 3
29 41 9
28 67 2
40 68 6
31 7 2
22 18 8
32 29 4
32 6 6
28 15 10
30 77 9
7 56 2
35 21 7
28 77 6
7 5 1
3 33 8
14 49 10
9 37 2
25 62 1
8 36 6
20 72 8
25 67 5
14 31 10
32 45 1
9 75 4
3 22 2
19 61 10
7 25 1
3 14 3
7 40 5
3 68 7
24 22 2
35 34 7
14 56 6
29 59 2
14 66 6
20 34 10
8 68 10
37 26 1
30 27 6
24 65 9
37 74 7
25 68 9
1 24 7
13 80 8
5 36 7
17 55 6
37 65 2
30 12 9
7 25 10
10 30 6
14 60 9
6 3 9
38 58 2
21 79 3
4 21 2
22 23 6
8 26 3
9 50 4
9 37 1
31 78 1
40 2 9
32 61 7
11 12 8
29 41 2
39 38 3
8 36 6
30 33 7
8 5 10
23 48 6
39 47 7
32 56 2
7 60 7
23 41 2
22 20 5
24 10 9
11 62 10
33 24 1
8 72 1
11 20 10
27 29 3
11 33 8
15 56 4
25 34 3
25 32 7
5 29 3
32 15 7
29 29 10
9 72 4
31 55 9
33 64 5
10 44 3
12 31 6
20 13 3
9 61 10
16 28 10
3 75 7
27 38 9
25 54 4
13 45 8
7 46 5
33 16 4
21 67 9
1 64 1
16 25 1
16 62 9
38 76 6
16 33 9
37 15 4
20 61 7
18 38 5
2 14 1
3 30 6
5 1 7
34 28 9
34 1 9
9 16 10
35 38 6
25 19 6
15 7 8
37 50 6
9 79 7
31 18 2
4 23 3
30 30 4
1 19 5
14 1 10
35 28 6
21 56 7
14 49 9
15 59 2
5 6 9
5 29 8
20 26 7
3 64 2
27 60 10
38 49 9
8 58 6
27 32 2
2 79 4
37 76 2
23 63 3
4 52 2
40 57 7
10 35 9
6 25 1
9 66 9
7 47 6
6 34 5
11 30 6
18 6 4
3 28 6
18 75 1
14 52 3
38 52 6
13 33 7
6 37 1
39 11 4
23 45 7
39 8 4
25 4 8
2 6 3
13 47 4
10 31 4
30 49 7
35 48 1
33 24 5
40 45 8
2 23 9
7 6 2
38 78 2
24 38 9
18 65 6
15 68 9
8 47 1
1 34 8
11 49 10
30 68 1
26 31 2
18 38 9
36 65 1
27 3 6
36 68 10
7 34 5
23 50 8
5 54 6
31 17 6
33 26 1
37 35 2
33 63 3
21 70 1
16 46 5
37 34 10
4 61 10
40 68 6
12 10 5
25 23 3
28 5 2
33 74 5
31 70 7
31 40 8
18 32 4
39 61 7
18 14 6
4 61 9
24 30 1
28 36 10
22 18 6
36 11 1
31 36 8
6 72 5
14 66 7
2 11 9
16 33 3
22 40 3
36 1 1
4 78 4
23 57 8
7 5 4
5 62 6
6 54 8
21 52 9
33 58 9
29 69 1
10 69 3
19 28 2
34 63 5
7 47 7
28 26 2
25 77 6
17 26 3
13 29 9
3 58 5
8 11 5
11 38 2
11 62 2
1 27 5
25 42 5
24 75 8
29 67 6
40 18 7
12 49 2
23 3 6
13 7 5
12 44 4
26 5 1
20 23 2
32 50 2
10 52 8
6 58 4
3 19 4
32 15 10
11 74 7
30 39 4
23 52 1
30 26 2
33 33 5
1 51 3
30 77 6
1 80 8
10 33 5
8 24 6
9 43 5
3 37 9
20 10 8
32 46 2
1 72 1
40 8 10
39 70 1
4 30 5
31 71 7
29 43 8
35 64 4
19 3 6
11 5 8
6 66 9
6 47 3
12 41 2
14 10 5
4 41 7
28 50 2
5 24 8
9 63 1
22 45 4
19 35 4
38 39 10
15 25 3
11 15 10
25 22 10
6 43 9
3 46 4
24 24 8
35 11 3
25 12 5
12 47 6
36 60 5
8 22 4
31 42 2
22 74 8
13 27 2
6 50 9
14 48 6
20 67 5
40 74 9
29 24 3
10 23 3
30 70 10
23 21 10
12 61 6
16 31 7
11 54 5
38 24 4
16 70 10
4 27 8
30 72 5
32 19 1
19 40 5
24 57 9
1 38 5
4 21 1
21 50 2
3 11 6
31 55 6
26 24 4
4 69 7
24 80 3
34 67 1
40 25 10
2 68 6
36 4 1
11 26 10
38 7 5
37 60 10
4 3 6
31 29 8
36 7 3
19 8 4
27 64 9
32 12 1
24 29 2
27 47 4
8 58 1
9 54 9
21 30 4
5 4 3
23 7 10
36 37 8
30 57 5
40 45 7
38 5 5
33 64 7
12 57 6
27 15 10
38 53 4
37 54 9
37 50 7
1 4 4
30 28 10
40 30 10
25 67 6
40 63 7
35 13 2
21 28 6
3 61 7
14 50 3
19 2 1
8 63 2
3 31 1
19 1 7
2 6 5
14 63 10
3 10 6
20 26 5
25 21 10
7 70 1
37 61 3
5 62 3
12 77 8
36 61 5
37 2 3
11 8 5
9 30 7
38 7 5
13 70 1
6 19 7
29 52 8
30 70 1
24 37 3
31 30 5
12 75 10
2 70 10
9 34 5
9 72 9
15 65 7
4 17 3
1 29 9
32 9 2
15 4 8
8 29 5
11 34 5
8 43 3
20 23 6
20 35 5
31 3 10
34 1 3
18 21 10
24 55 8
20 37 3
7 36 9
24 75 7
38 72 10
13 51 9
32 73 9
3 6 4
6 59 3
26 25 1
28 38 10
18 1 9
32 4 8
18 53 5
36 21 3
12 2 7
2 35 5
9 61 5
6 40 10
20 76 4
16 66 5
33 80 6
21 59 9
10 80 9
32 45 2
40 26 2
19 57 4
38 37 8
36 60 1
30 34 2
31 75 6
26 27 2
40 1 3
12 19 3
26 46 8
37 10 5
30 23 10
40 39 4
29 80 10
10 27 4
22 42 7
16 5 1
33 73 2
7 28 3
33 56 2
6 51 3
28 4 2
28 42 1
36 61 8
22 71 8
36 16 10
2 80 8
19 78 2
8 3 4
24 57 7
23 20 5
7 43 4
8 8 5
11 46 2
33 4 9
18 69 4
24 72 9
8 77 3
22 59 5
7 43 5
28 53 5
21 60 9
21 30 1
36 68 3
39 13 8
4 75 2
1 36 7
26 11 5
34 6 6
11 23 8
2 46 8
12 75 6
4 11 8
3 44 3
17 29 1
3 58 9
23 16 8
39 70 4
4 75 6
33 68 3
14 16 9
20 12 7
7 69 7
2 17 6
31 37 6
26 38 1
8 16 4
33 67 7
5 34 9
16 80 2
8 42 4
1 36 9
23 70 5
24 52 1
33 4 6
26 32 7
1 40 8
40 21 2
24 32 8
34 47 5
39 27 3
1 65 10
10 70 9
34 64 3
20 66 4
37 74 6
39 61 2
40 38 1
20 36 7
13 22 1
40 43 8
31 53 7
1 62 3
34 11 7
33 70 4
27 76 6
31 59 10
38 9 6
24 35 8
22 75 3
1 69 4
6 18 10
15 67 5
7 41 10
31 7 3
14 48 1
9 70 9
2 76 9
27 52 4
2 43 9
33 51 2
3 17 1
28 49 7
26 63 7
26 77 8
2 39 5
30 72 2
8 72 7
22 15 10
19 39 1
6 53 9
20 61 3
29 6 8
1 66 10
26 3 8
7 8 9
34 12 8
15 30 1
16 2 7
29 64 9
36 27 6
17 22 4
3 3 5
5 4 7
16 2 4
38 38 4
18 54 2
26 56 10
34 40 5
40 63 6
23 24 10
34 13 5
35 36 6
23 77 3
20 27 6
29 44 2
3 9 6
9 65 5
13 14 9
31 48 7
33 31 3
18 61 10
38 50 6
16 36 3
36 73 7
21 41 4
6 45 8
32 46 2
34 34 2
30 77 5
1 71 10
21 34 5
19 41 8
12 28 5
9 20 6
9 55 7
14 36 9
32 42 8
34 67 1
9 12 3
37 54 3
9 29 5
31 57 10
40 19 5
13 75 9
8 52 6
37 72 5
4 70 9
29 34 6
34 63 7
38 80 9
31 63 8
36 27 2
26 15 8
24 54 6
15 3 3
30 59 7
3 51 7
14 56 3
25 78 9
8 31 3
13 68 10
26 20 1
40 58 4
32 10 2
6 80 5
14 70 5
13 69 6
34 65 5
1 24 7
15 34 7
15 56 4
36 11 2
17 74 9
21 32 1
1 73 7
23 2 7
10 28 3
14 34 7
4 12 7
36 46 3
29 55 6
25 73 9
36 45 8
8 33 6
22 23 2
4 44 6
37 63 9
40 65 7
9 17 2
18 17 5
19 53 5
10 70 3
32 64 7
13 35 2
38 78 3
14 42 2
13 16 10
33 76 1
24 50 10
24 45 6
5 62 6
25 8 9
16 12 5
24 48 8
18 37 5
3 10 8
22 29 3
37 66 7
33 5 8
33 46 2
6 43 7
40 41 2
31 43 5
18 34 10
8 24 10
18 2 4
31 20 1
4 7 8
21 9 7
1 14 8
18 57 4
10 65 3
10 21 1
22 74 4
19 53 5
34 26 10
4 30 6
24 7 5
18 40 6
19 58 10
23 25 9
33 7 3
6 42 5
23 59 10
27 67 4
34 55 2
29 38 4
25 58 9
33 39 5
15 78 10
3 75 5
35 39 3
37 46 7
34 46 6
21 17 10
27 64 1
27 9 5
6 40 8
2 74 5
28 8 7
18 35 2
14 13 6
30 21 1
22 6 9
2 46 2
20 6 2
23 65 10
18 53 7
40 69 4
18 76 10
38 18 9
26 25 9
30 35 3
33 62 1
27 61 8
9 21 1
13 39 4
7 39 10
11 32 8
23 42 6
35 50 10
22 6 7
39 71 8
31 61 5
21 13 2
24 44 7
11 22 4
9 75 5
37 49 7
13 33 9
3 42 3
10 20 1
18 7 9
31 64 8
13 24 1
9 7 1
17 20 7
12 56 8
13 48 8
11 16 7
23 10 4
3 9 3
2 15 10
32 53 1
20 2 1
23 32 9
37 63 5
37 31 6
29 5 8
