800 298 642
37 54 1
32 43 10
18 18 6
2 55 1
2 8 2
15 42 7
33 73 8
14 15 1
22 2 5
6 18 6
25 75 9
26 2 1
25 23 1
4 52 4
17 9 2
6 57 9
21 6 4
37 77 9
31 27 2
5 78 8
2 67 7
35 43 3
26 68 1
26 46 6
2 6 3
27 37 6
17 61 1
14 25 7
27 66 9
12 57 9
5 51 4
25 3 1
13 12 2
32 55 7
14 58 4
39 14 9
17 66 9
12 72 9
28 78 1
36 23 1
7 50 9
13 32 2
2 80 3
23 74 4
18 16 10
27 72 6
26 56 7
36 22 3
26 26 4
31 10 3
16 68 7
10 15 4
29 72 3
25 33 6
28 53 1
30 80 5
37 54 10
26 48 6
27 68 1
30 9 9
16 72 7
18 5 1
18 70 5
30 8 6
24 11 8
12 18 1
5 41 1
4 40 7
33 67 7
6 12 6
1 36 2
6 21 7
21 45 9
25 6 8
9 78 8
24 73 1
38 18 3
20 32 6
1 60 7
8 31 2
24 28 4
9 47 3
40 66 1
3 6 3
29 45 3
19 64 2
21 59 4
19 2 9
3 26 1
30 41 6
38 22 9
23 44 8
24 43 9
23 65 6
5 7 7
21 38 10
34 72 5
31 73 2
38 69 4
12 11 8
33 22 10
34 69 9
35 25 4
19 19 3
31 19 2
29 50 3
4 42 6
34 50 2
38 74 8
22 73 6
29 43 1
16 10 5
37 70 4
22 19 2
38 5 5
33 45 9
30 79 1
29 19 5
7 42 3
3 47 10
16 9 10
27 67 7
9 56 9
17 44 10
27 70 9
33 69 9
18 23 10
11 58 2
35 54 2
10 59 9
16 47 8
14 76 6
25 21 3
16 48 8
19 69 1
37 56 5
34 52 5
23 55 5
17 39 1
12 16 2
10 66 10
32 56 2
37 57 3
25 19 5
11 9 5
9 61 6
29 7 6
39 76 9
1 28 9
10 79 5
32 19 5
14 60 7
29 80 8
28 36 2
13 18 4
7 50 2
6 25 1
4 13 10
34 27 2
36 35 2
31 76 8
32 42 8
16 14 6
24 58 5
16 29 10
28 39 7
15 3 8
11 23 5
40 19 7
25 65 6
29 46 7
4 61 2
3 74 2
38 24 8
10 74 5
27 23 8
40 50 9
25 34 4
9 8 10
35 12 2
15 69 8
30 46 7
32 35 9
37 52 1
16 77 8
14 24 5
24 18 7
17 56 10
15 78 7
39 46 7
4 21 9
4 44 5
4 28 9
36 34 10
3 64 7
14 57 9
22 5 8
34 77 5
9 71 6
14 78 10
37 8 2
34 46 1
30 21 4
32 76 3
20 51 2
6 75 9
6 62 2
2 74 7
10 17 8
37 79 7
2 18 9
38 62 8
22 25 7
24 58 10
9 46 5
8 55 10
18 49 7
15 5 6
8 62 6
12 15 4
11 50 2
12 72 6
8 7 3
2 65 3
13 63 7
37 59 4
26 55 4
11 67 1
16 3 2
35 11 2
10 24 8
5 11 2
3 45 8
4 61 10
5 66 3
5 63 8
39 43 5
27 69 3
14 54 5
32 63 5
16 24 7
10 69 1
35 32 2
30 46 7
13 16 4
20 54 7
35 7 6
17 31 3
40 71 9
34 36 2
15 68 9
35 53 5
25 49 4
23 36 7
22 4 2
5 77 8
36 73 3
28 60 4
16 74 4
38 11 6
35 5 2
15 24 1
21 51 9
30 64 6
12 70 6
9 64 3
7 28 8
9 35 2
18 60 2
33 76 3
7 29 9
20 42 7
26 33 5
16 43 3
30 40 9
6 77 3
8 19 3
11 39 10
27 52 7
19 76 5
3 38 5
12 25 8
38 23 6
17 36 7
12 5 5
17 75 4
27 65 7
6 73 8
17 69 9
2 41 9
37 51 1
26 39 9
16 43 10
1 39 9
19 35 7
3 63 4
31 37 10
22 3 8
34 6 3
1 34 8
4 35 10
6 32 9
11 47 5
22 80 1
16 23 6
35 74 5
14 46 10
20 60 9
8 29 8
39 72 4
27 28 2
37 19 5
6 50 5
26 67 8
40 30 3
34 74 10
7 34 8
13 79 4
9 4 6
16 60 5
34 7 3
27 10 1
20 48 10
25 57 7
19 43 5
29 9 1
5 64 8
38 57 10
24 10 10
21 20 6
22 26 4
19 78 7
30 10 10
26 62 9
30 6 7
7 71 3
3 57 7
8 41 3
6 58 4
3 44 5
34 17 5
12 30 5
11 9 9
11 16 4
20 42 9
19 29 4
18 68 3
25 62 9
40 53 8
15 9 9
4 60 6
18 58 8
4 17 5
21 51 6
22 28 8
11 80 5
10 80 5
13 56 1
35 25 4
40 11 6
10 52 5
28 32 8
22 26 2
14 25 3
4 31 8
40 23 6
9 9 3
10 20 3
17 69 3
9 49 10
13 46 9
6 20 10
6 66 2
38 55 7
16 1 8
23 18 3
23 48 8
24 47 7
35 34 7
14 38 10
2 40 10
25 72 10
16 13 1
6 71 8
22 40 6
12 7 4
9 71 1
34 5 3
22 17 1
10 76 8
7 54 1
26 22 9
30 43 9
15 64 8
29 22 6
21 42 8
24 35 5
35 36 8
39 28 5
36 74 9
22 58 4
31 78 2
32 75 5
2 23 7
40 24 1
26 24 6
2 70 10
2 68 10
9 63 6
14 33 10
18 64 7
21 19 2
39 9 8
23 15 4
37 26 5
21 56 4
17 7 4
18 46 7
32 43 5
16 19 10
21 27 5
24 35 6
30 65 10
26 5 6
24 73 3
5 52 7
28 18 2
19 48 5
13 31 10
23 70 3
21 41 9
27 12 7
12 65 7
29 7 8
39 50 9
26 11 9
28 28 5
38 42 8
30 71 10
17 42 4
12 69 7
35 29 4
30 56 8
7 4 8
22 50 9
3 54 1
2 5 5
37 54 9
32 79 3
11 16 1
18 33 2
29 48 2
27 66 5
20 62 10
3 34 9
27 72 1
37 53 10
38 18 5
30 62 10
8 30 3
32 54 3
36 21 8
17 72 3
39 71 8
12 2 8
16 23 1
28 22 7
7 8 4
5 68 3
4 17 10
3 36 7
40 37 2
8 9 4
18 58 7
30 22 7
27 63 2
34 66 1
36 78 6
8 21 6
8 68 1
24 56 4
36 69 3
22 2 6
28 57 10
8 61 5
15 30 2
15 15 8
1 47 3
27 3 8
11 51 8
9 64 10
29 7 4
18 1 10
9 54 8
32 66 2
40 2 3
21 34 10
23 1 7
23 1 8
16 37 8
23 11 2
36 42 9
16 6 8
3 78 1
27 28 5
11 55 10
10 58 10
11 60 7
29 47 4
15 66 2
38 1 5
33 48 2
38 29 10
27 21 2
3 79 10
4 66 4
26 52 8
3 3 7
40 25 5
38 74 6
36 52 5
34 64 8
5 37 9
32 53 9
10 31 6
6 4 10
36 20 6
17 24 1
35 75 6
31 69 7
3 71 1
5 33 6
35 12 5
14 70 9
27 66 10
8 71 7
40 79 4
9 50 8
1 51 4
23 41 10
19 38 2
19 23 9
38 59 7
32 76 1
29 11 7
20 68 8
22 62 10
32 21 3
35 56 8
1 48 5
14 58 5
18 39 3
20 80 4
15 24 1
5 58 3
1 64 2
25 44 3
15 45 7
40 49 5
10 12 1
31 42 3
9 21 6
10 51 6
23 34 3
18 33 4
34 54 10
12 37 8
32 72 3
36 35 9
25 18 1
27 19 8
22 77 10
35 39 2
6 38 8
18 55 2
10 47 9
14 52 6
37 7 8
31 6 8
1 4 4
33 11 7
39 1 5
37 17 8
37 22 10
23 46 9
17 10 3
10 57 5
28 77 5
31 45 3
1 79 9
38 28 7
10 63 9
27 55 10
16 67 3
29 44 1
9 11 9
3 48 4
7 61 8
35 79 4
16 7 2
25 78 10
16 64 1
6 6 9
32 35 2
3 35 6
34 49 1
30 39 4
10 72 3
19 66 7
39 12 6
12 30 6
18 37 8
37 43 5
19 23 2
5 53 7
39 79 7
37 13 9
40 59 8
24 27 3
40 44 3
27 26 9
37 79 10
3 29 1
15 31 5
10 67 2
40 28 1
31 32 10
40 42 4
14 2 7
18 53 1
31 71 2
16 19 6
38 42 10
27 39 1
22 68 2
17 72 3
40 63 4
23 50 3
27 44 9
22 37 5
7 38 7
20 28 8
24 59 10
17 50 9
14 40 6
12 26 8
4 67 10
8 8 4
12 75 9
14 50 4
12 49 8
20 20 7
34 65 6
19 33 10
20 33 10
36 77 5
7 74 10
31 28 4
8 69 7
5 76 5
38 64 10
3 5 5
20 31 2
39 80 6
17 61 1
17 50 3
26 69 2
19 48 3
13 61 3
37 16 6
6 26 3
7 50 8
31 45 5
5 62 6
34 80 5
8 11 1
27 28 4
33 51 7
20 50 3
13 59 6
28 73 2
4 26 4
39 45 2
26 79 1
32 33 3
34 77 3
6 41 8
35 48 6
34 24 7
9 16 7
15 76 6
29 65 8
11 3 9
38 30 7
4 44 9
26 59 6
25 36 8
34 45 2
17 35 1
3 25 5
34 14 6
28 62 8
16 57 2
19 59 6
3 72 7
21 2 3
22 11 1
6 55 8
2 51 4
6 53 3
15 80 9
40 38 1
5 2 6
40 35 5
9 26 7
6 61 2
12 43 3
10 39 5
5 58 1
16 4 7
5 34 7
25 61 6
10 60 4
38 15 4
29 78 7
8 68 1
33 2 10
2 54 7
13 37 2
40 45 2
28 18 6
17 7 10
24 23 10
26 59 4
20 58 10
1 68 1
26 73 3
6 17 7
22 66 7
22 62 6
30 74 9
34 32 5
17 48 7
21 42 5
17 47 6
10 61 4
1 66 5
26 40 7
28 77 7
25 27 6
12 65 4
3 18 6
5 57 7
29 36 5
26 79 7
10 77 10
12 41 2
5 79 1
23 42 7
37 39 5
40 59 1
4 58 6
27 76 2
14 46 4
12 25 4
2 46 10
13 53 3
11 20 10
20 57 6
38 23 10
27 51 6
18 76 7
38 15 5
28 60 10
33 40 7
32 60 6
40 36 3
6 63 9
32 31 3
26 11 2
18 54 6
7 9 8
37 79 2
23 8 1
38 48 6
40 31 6
18 70 10
34 3 4
2 34 7
22 20 1
26 14 3
16 67 6
8 12 1
23 65 3
40 66 2
20 45 2
16 52 1
5 68 8
37 2 8
11 38 8
