800 265 536
18 47 10
19 12 6
19 49 2
32 60 9
10 54 1
35 76 3
4 10 10
5 46 9
30 66 10
20 15 8
5 1 1
25 37 7
13 15 9
25 23 9
23 70 9
19 8 9
1 57 8
16 77 7
5 35 2
17 60 10
12 28 7
21 21 6
23 33 9
40 15 4
16 20 3
40 26 5
26 35 2
29 68 6
40 10 7
33 77 10
11 72 1
15 70 3
10 37 5
2 38 1
5 11 7
36 80 1
32 4 7
20 14 7
8 17 5
9 21 2
15 16 7
24 72 3
34 76 7
32 26 3
5 78 8
3 4 5
21 33 5
8 76 8
24 54 1
22 30 4
5 7 6
18 20 2
40 13 5
16 11 1
38 47 7
13 45 5
28 16 7
25 75 4
6 67 8
15 24 4
18 62 7
39 68 3
39 34 9
14 73 3
37 54 5
22 54 7
7 33 3
32 41 6
31 42 3
31 69 2
40 40 2
36 74 1
40 4 10
2 46 10
30 10 1
5 67 1
38 57 7
29 16 9
39 30 9
36 3 5
24 42 6
10 32 9
37 77 7
5 28 2
29 59 6
37 36 6
6 17 1
37 21 8
34 1 9
15 13 5
5 67 10
20 30 3
27 7 8
9 71 7
39 42 7
39 25 4
27 76 7
2 12 8
36 66 7
2 21 6
30 52 3
11 2 2
22 31 10
7 61 4
35 30 3
40 77 9
33 10 10
8 44 5
32 42 1
3 1 6
33 75 8
32 75 2
30 1 9
20 47 1
3 60 8
34 80 6
31 61 6
1 79 5
20 51 1
11 7 5
14 65 9
19 30 7
17 24 1
32 78 6
14 28 5
29 17 5
5 33 8
14 48 3
25 63 9
28 10 3
31 65 3
36 11 7
3 68 9
7 68 9
4 36 1
22 76 8
40 9 1
14 72 3
11 11 2
32 65 4
24 56 2
21 37 10
25 24 8
11 19 6
33 68 2
35 56 4
19 5 2
29 41 4
4 80 7
16 43 5
24 51 5
12 72 1
6 80 9
10 32 10
20 8 6
21 37 8
35 34 1
29 2 2
25 22 2
40 30 6
14 6 10
17 3 2
21 22 2
26 48 3
7 9 9
13 39 2
30 51 5
28 4 5
3 9 8
35 53 3
37 45 7
12 43 3
27 80 3
21 20 3
2 73 5
5 49 3
18 77 5
33 72 1
16 69 10
7 75 6
30 53 5
31 8 5
6 33 1
1 43 8
39 20 5
13 32 4
35 52 9
25 12 9
4 66 9
29 42 3
16 36 8
14 27 5
14 23 4
3 55 4
2 6 4
13 74 6
30 61 2
10 63 10
28 61 3
6 35 8
1 60 7
33 41 6
26 52 3
32 45 3
25 5 10
35 30 9
29 79 8
7 22 6
25 79 10
39 77 10
36 8 7
2 41 10
15 64 5
2 25 10
2 15 1
25 48 4
12 68 9
20 51 7
11 71 7
39 14 2
36 70 5
27 75 2
8 50 8
18 36 8
4 29 3
4 12 7
32 57 2
23 75 10
40 53 6
36 48 10
14 5 2
22 18 1
10 18 8
17 49 8
38 75 6
28 33 3
5 28 10
40 40 7
29 24 9
34 33 5
18 14 8
15 69 2
33 14 5
4 77 2
36 72 7
26 29 5
31 69 6
14 62 2
39 54 9
16 57 7
6 29 2
24 21 7
38 77 7
35 73 9
35 45 9
18 16 6
11 48 1
28 30 3
30 72 8
25 53 8
23 78 4
15 2 4
10 65 5
28 77 3
19 29 9
30 41 1
28 68 6
34 28 9
26 76 5
19 42 4
15 25 8
26 24 5
28 67 9
5 41 10
11 34 6
16 41 5
7 17 4
10 39 9
21 7 10
14 24 6
29 47 6
35 8 7
24 50 10
31 17 2
18 41 6
24 65 1
37 40 4
13 26 8
15 3 8
27 55 5
21 10 4
22 7 6
8 15 2
38 25 5
27 29 1
33 43 10
19 59 4
29 9 4
37 79 5
8 25 4
39 77 6
39 69 1
39 74 9
15 16 9
37 16 5
1 24 7
5 62 3
4 72 8
6 46 6
5 76 6
39 75 2
18 62 5
19 57 10
3 76 3
27 27 4
35 43 3
29 30 10
9 18 8
25 23 7
10 44 3
9 22 7
4 12 6
12 43 10
14 37 5
32 50 9
14 14 1
34 14 1
34 43 5
28 50 5
14 43 7
18 21 5
21 52 7
10 61 10
8 34 6
34 6 5
16 37 8
25 33 1
16 55 7
24 22 4
10 46 10
31 19 10
3 28 10
22 41 6
8 61 3
11 37 8
10 32 9
28 17 1
12 76 10
37 31 3
9 24 2
18 49 2
19 72 8
7 77 10
37 44 6
28 14 9
14 80 8
3 62 8
30 47 3
15 43 8
30 4 8
16 13 4
1 49 1
8 17 3
36 23 4
6 79 10
26 30 3
5 54 4
14 77 10
6 35 7
17 21 9
27 64 1
28 56 7
9 66 9
30 73 10
2 23 1
12 63 1
3 9 8
33 64 1
24 53 10
31 61 2
13 54 2
22 44 6
29 76 8
21 73 3
15 75 6
19 46 4
25 6 2
36 3 1
40 61 1
34 73 6
9 60 2
17 36 4
12 73 6
20 11 4
3 52 3
26 51 5
39 8 3
28 33 7
28 68 5
28 50 9
23 56 3
14 28 2
24 74 10
15 61 3
15 27 3
20 5 7
12 56 9
34 74 3
24 62 7
38 68 8
38 5 8
1 34 7
28 53 6
10 1 3
38 67 2
18 78 10
18 39 9
12 62 4
24 34 10
8 7 9
36 57 6
6 44 4
3 27 7
10 13 6
36 24 3
11 22 4
40 58 5
24 53 2
15 56 3
4 31 3
37 45 2
30 40 1
36 46 7
39 63 1
10 54 7
16 79 7
37 48 5
9 41 8
36 44 10
35 36 8
17 18 8
18 77 8
37 42 1
17 37 10
4 57 1
32 36 10
38 6 1
6 70 5
16 6 8
30 73 2
6 9 6
28 77 7
2 1 8
18 9 2
32 59 9
12 15 1
11 45 4
3 78 6
23 65 6
34 5 5
21 79 1
5 26 8
20 13 1
9 19 4
34 57 8
38 24 10
8 11 3
28 38 5
5 40 10
24 18 9
35 28 8
27 67 3
12 28 6
31 64 1
2 24 1
21 12 3
9 39 2
17 73 4
13 43 7
2 27 2
7 40 10
29 23 1
22 1 4
7 79 9
12 78 7
6 79 4
9 5 7
40 61 3
32 41 6
18 73 2
28 44 10
8 23 3
18 64 10
19 55 6
39 41 9
32 63 4
37 20 2
11 40 7
1 15 9
30 57 2
23 23 1
12 6 4
29 65 3
14 28 7
13 49 7
23 38 7
24 6 4
38 45 9
33 4 2
3 3 5
29 61 5
30 11 3
35 26 10
6 67 3
15 24 10
11 14 4
28 4 10
22 70 4
37 65 7
27 5 3
22 8 2
31 6 7
6 4 3
29 35 7
27 55 9
24 32 7
23 50 4
24 4 5
27 22 10
3 34 8
31 59 10
13 56 5
13 54 8
34 75 8
13 9 1
16 80 7
31 76 4
29 5 2
14 22 6
15 10 6
19 36 4
9 46 9
31 53 6
22 80 3
13 20 3
4 75 9
19 27 3
2 77 2
6 25 5
13 25 1
2 57 7
21 20 9
12 24 3
2 23 4
7 3 2
1 55 3
17 78 6
34 22 2
6 41 2
35 9 1
21 40 3
37 31 9
7 29 5
14 20 4
17 18 9
24 71 3
18 23 10
32 70 8
36 23 1
27 12 1
1 72 2
13 49 8
4 29 3
33 64 7
24 35 3
12 22 7
11 60 5
29 4 4
9 27 1
6 60 8
32 62 5
5 6 9
7 52 7
20 70 7
5 54 5
20 70 7
17 37 9
4 69 5
40 10 10
37 77 2
21 24 8
27 72 7
29 80 9
34 62 4
36 15 2
4 6 10
16 64 2
21 34 8
32 8 1
2 44 2
25 15 1
21 33 10
15 45 10
26 41 4
11 70 2
29 24 3
18 80 8
25 53 8
34 24 9
8 40 6
36 12 6
5 19 8
40 79 5
29 7 1
10 13 9
24 1 7
5 56 6
24 8 10
3 20 4
28 66 10
18 10 1
13 39 8
9 35 9
6 56 1
9 2 6
2 41 7
14 55 2
5 7 10
2 73 9
2 2 1
3 17 1
11 22 5
27 4 7
3 55 6
33 80 6
37 20 4
8 15 6
37 45 3
15 9 4
21 12 1
33 48 3
35 30 3
1 12 1
5 43 3
2 65 6
26 52 4
30 18 1
21 24 8
32 4 7
20 51 9
21 33 2
14 6 6
33 51 6
32 2 5
14 39 1
19 11 10
13 39 10
30 6 9
27 75 7
38 47 4
35 6 2
20 3 6
40 70 2
24 5 5
17 13 9
30 11 5
29 18 6
17 72 3
19 66 9
17 56 3
30 70 8
29 58 1
4 72 9
29 72 6
4 6 5
1 24 6
35 52 9
38 79 4
38 25 5
10 64 1
2 53 1
17 17 2
39 6 5
40 50 7
32 5 1
32 61 6
6 33 4
6 31 4
18 31 3
23 64 10
17 69 10
38 72 3
2 10 6
38 58 6
32 19 3
15 69 2
31 26 9
24 59 7
21 43 6
11 7 7
27 8 2
34 20 6
6 65 2
8 3 4
35 8 7
12 11 9
38 77 3
6 36 3
6 36 1
15 50 1
20 2 2
18 44 10
34 40 6
12 79 1
34 39 6
17 56 7
22 7 3
36 43 3
26 31 10
31 31 7
7 4 5
4 17 10
21 19 3
33 34 1
27 75 7
14 76 2
34 53 3
20 68 3
16 52 2
17 40 3
1 3 5
7 4 4
35 11 5
23 77 7
28 52 3
30 22 5
35 52 3
8 78 1
14 70 3
26 28 10
22 78 2
17 43 2
18 76 8
20 59 4
32 50 6
32 54 10
27 20 5
25 79 7
25 49 2
36 70 6
27 31 8
6 80 3
16 12 10
6 43 7
10 40 8
40 59 4
16 59 3
38 61 8
19 53 5
27 12 5
13 29 8
7 38 4
11 24 4
31 68 3
11 53 1
23 64 7
16 24 7
8 71 4
18 27 9
20 71 1
12 9 10
25 74 5
23 21 7
28 75 1
38 11 5
40 1 9
37 19 6
15 36 8
6 40 2
24 48 2
33 13 3
2 35 4
28 32 3
9 63 9
9 46 6
6 74 7
23 25 9
23 57 2
22 72 3
34 28 3
35 73 2
16 77 9
27 64 5
9 29 2
15 73 9
36 9 10
19 23 2
33 71 8
36 24 4
12 47 1
