900 396 476
35 26 3
17 58 3
27 60 1
37 40 6
29 38 10
26 40 2
20 17 7
27 19 9
14 29 4
23 2 10
4 10 10
29 23 7
6 59 9
32 24 5
17 62 6
30 41 6
21 45 10
29 9 8
32 40 6
4 31 5
25 53 4
6 67 5
11 54 4
24 38 9
39 44 6
6 10 3
29 12 2
26 48 1
36 4 9
12 55 1
24 53 6
32 71 10
27 47 4
23 49 10
26 8 6
39 50 3
2 76 10
7 79 5
7 60 9
14 67 6
14 12 6
33 51 9
14 48 8
14 59 10
13 4 1
17 12 1
29 41 1
15 72 8
39 49 1
37 15 3
39 59 6
30 65 3
13 52 1
3 50 2
36 42 9
31 34 9
27 21 7
33 31 4
34 69 4
4 32 5
36 30 4
24 23 10
26 67 7
27 62 5
24 5 10
4 4 1
5 9 7
17 7 9
31 12 8
33 74 2
26 48 3
2 32 7
12 33 2
13 57 6
3 52 9
25 65 6
14 32 9
8 68 2
18 5 6
37 53 3
11 63 9
20 52 1
19 16 2
10 69 4
7 59 6
39 38 5
11 15 8
10 52 10
38 52 5
15 5 10
33 2 6
23 2 8
9 9 2
38 59 6
34 79 3
3 2 1
8 2 7
25 57 5
30 62 5
26 47 2
21 10 3
40 68 1
5 76 2
21 70 7
31 13 6
16 40 5
32 32 3
17 58 10
17 18 3
31 52 9
11 13 3
23 69 7
26 50 9
15 72 7
26 12 1
2 28 6
5 43 9
33 3 1
35 55 1
9 15 1
12 2 9
15 47 1
22 67 2
25 38 4
2 8 3
39 31 6
8 42 9
10 73 10
40 10 4
19 79 10
29 67 5
9 3 1
36 18 8
26 40 6
10 71 6
20 61 5
3 9 1
23 40 1
37 65 7
36 41 7
21 29 2
27 24 7
27 25 8
36 24 10
19 42 8
40 77 10
27 37 9
23 12 5
37 57 1
14 19 8
13 50 5
12 7 2
4 50 2
27 26 5
3 71 10
8 61 8
29 77 9
3 67 1
37 44 9
37 15 2
33 41 4
39 41 1
36 76 8
7 18 3
28 62 2
38 19 2
35 79 5
35 25 1
14 50 9
10 18 9
20 38 7
12 56 7
23 65 1
27 80 10
33 17 10
5 57 9
18 39 7
15 10 5
28 23 9
22 1 2
35 57 9
20 60 9
16 75 1
31 79 8
20 64 8
2 44 10
22 21 5
8 36 9
38 52 10
9 48 2
23 46 2
16 41 9
5 9 1
31 61 5
21 73 3
17 65 7
9 26 5
24 23 8
38 31 2
39 59 9
37 23 5
19 55 7
21 18 5
24 49 1
13 60 7
5 50 5
19 14 2
15 39 3
3 4 3
29 79 10
7 52 4
5 55 3
23 66 2
19 48 10
2 33 4
5 22 7
2 14 9
3 59 7
10 67 6
1 42 8
8 42 10
24 39 8
32 62 7
34 80 1
9 8 4
6 14 2
33 4 3
23 64 6
10 70 2
18 23 10
1 75 1
3 65 6
29 39 10
1 55 9
24 43 2
25 30 8
16 72 10
23 10 8
27 18 1
3 15 1
27 27 2
40 35 4
40 76 2
21 59 6
10 35 5
37 66 8
18 47 9
15 55 10
33 65 10
30 27 1
5 10 9
19 11 2
36 14 4
14 13 3
36 67 6
19 39 5
37 40 4
29 49 2
35 62 1
20 79 2
37 65 2
38 39 3
10 61 9
6 79 2
19 22 5
35 79 2
4 63 7
23 6 5
10 55 4
12 14 1
17 69 8
3 39 4
8 2 1
27 56 6
21 73 3
4 20 4
34 2 2
18 45 2
36 51 1
37 54 2
21 80 8
33 64 7
5 62 2
22 11 7
8 8 1
2 17 1
22 16 10
26 27 4
10 80 8
14 5 9
25 44 2
29 45 9
11 45 6
11 1 1
35 11 4
17 9 4
2 56 1
32 72 7
15 10 8
5 32 6
1 35 7
25 5 2
14 31 2
7 17 3
20 54 9
37 75 1
39 47 2
20 13 4
1 79 3
17 57 1
12 68 4
39 68 6
9 50 2
16 80 5
21 68 7
12 72 7
20 10 10
3 78 10
33 67 9
18 64 2
24 67 1
37 26 6
6 73 5
7 6 7
16 48 9
2 70 8
35 58 3
13 15 4
20 6 7
15 37 10
3 55 5
7 79 7
37 28 7
39 18 6
10 46 5
12 4 5
22 28 1
40 11 7
4 67 4
35 57 10
2 58 1
36 2 9
15 33 1
23 63 7
28 68 10
33 41 9
12 49 2
3 74 8
32 64 10
25 27 10
6 80 9
23 57 4
14 57 1
18 73 4
35 75 9
32 14 8
35 33 9
31 72 4
7 21 2
33 51 3
29 44 7
28 23 6
39 60 2
24 32 3
39 49 1
34 50 8
18 20 8
26 60 3
33 26 6
38 56 1
38 78 8
27 4 3
27 59 6
10 75 7
19 5 4
31 55 5
3 53 3
15 30 1
16 29 10
32 1 4
25 59 8
1 35 1
8 8 6
7 28 6
11 70 9
34 78 3
11 12 7
5 55 3
16 49 6
29 38 10
12 17 3
1 80 4
35 43 2
21 65 8
29 50 7
36 5 8
10 2 3
14 73 1
9 10 5
7 69 1
33 47 5
26 30 9
21 2 8
30 30 8
28 80 6
16 18 7
18 52 9
36 14 7
23 5 8
22 54 1
14 24 4
4 53 8
26 40 3
14 15 9
15 78 5
12 8 10
20 38 8
23 54 5
32 40 7
26 38 4
25 77 5
2 15 10
12 73 7
31 37 3
12 49 6
25 68 5
20 30 10
1 24 3
17 58 4
35 37 6
24 75 4
30 63 7
5 73 7
17 34 6
25 13 9
38 58 4
30 13 7
39 60 2
4 30 3
29 30 4
1 78 6
3 72 4
9 54 2
37 57 6
8 20 5
26 17 3
8 24 5
23 19 4
8 18 7
12 71 2
31 19 9
3 53 6
38 18 10
17 11 4
29 49 9
35 55 5
27 69 4
8 57 10
40 61 5
35 60 8
19 51 4
11 56 5
36 23 2
30 62 5
9 41 2
13 25 6
13 34 8
28 42 7
39 70 1
1 23 5
24 6 7
36 74 7
21 11 4
12 80 3
18 14 8
28 1 3
29 76 7
18 33 6
32 37 2
28 4 3
38 46 1
23 41 4
30 49 7
21 6 6
27 24 7
33 17 5
31 3 3
24 55 8
37 19 1
20 26 6
26 54 1
12 74 3
10 31 9
18 72 5
20 10 1
29 34 5
32 13 6
23 46 3
26 53 8
14 44 7
15 63 10
27 28 1
18 28 7
35 74 9
9 57 8
34 61 8
28 31 6
23 74 2
35 11 9
20 67 3
34 35 9
27 5 4
3 73 1
11 19 3
28 59 7
1 70 2
4 26 10
21 53 10
30 9 6
38 75 5
36 25 2
3 44 9
18 33 9
12 80 8
33 21 9
23 21 8
39 5 8
19 67 1
14 33 3
40 31 4
29 12 3
5 46 1
3 19 7
3 64 1
4 62 9
28 15 3
6 38 6
15 19 9
9 28 2
20 69 8
40 25 6
36 26 5
33 41 2
39 24 2
30 13 8
27 55 10
7 31 5
4 30 6
15 42 7
31 62 8
13 56 4
38 9 9
22 38 9
1 32 5
14 49 9
1 15 5
16 80 7
18 40 3
40 46 5
28 69 4
34 59 1
30 80 10
24 61 10
5 34 8
21 16 6
28 9 6
4 44 6
35 16 10
10 55 4
26 66 2
34 77 3
18 61 2
10 46 2
7 37 1
32 7 4
1 50 10
9 59 6
34 33 4
34 74 5
17 27 1
26 2 4
33 6 7
20 37 6
15 50 10
37 23 8
2 78 2
9 60 3
25 13 6
9 25 5
33 73 10
37 45 1
35 66 5
10 6 7
4 13 2
15 51 7
17 5 8
17 24 5
17 74 4
17 33 4
40 39 8
5 15 9
9 69 6
36 7 5
1 9 8
4 45 3
25 70 2
18 68 2
6 53 1
24 77 7
22 48 7
5 78 8
34 39 10
3 3 2
15 42 1
19 26 2
36 2 4
7 40 8
29 52 5
37 77 5
30 44 7
12 1 2
19 7 4
26 3 5
8 37 8
6 73 4
3 28 7
22 79 7
38 74 5
20 6 5
6 43 2
25 9 10
4 48 2
21 45 1
18 21 6
8 5 4
11 55 7
29 74 4
4 26 10
7 56 3
38 78 4
7 74 6
5 16 3
36 6 8
14 24 3
21 9 3
37 56 1
30 12 7
19 23 10
24 57 5
8 15 5
34 74 9
1 14 1
3 61 3
24 35 9
15 48 5
22 50 1
12 8 3
5 25 1
38 75 6
29 39 4
12 5 3
39 23 8
3 44 7
11 66 8
3 54 3
19 6 7
37 58 9
39 14 6
30 68 6
24 28 2
25 5 4
22 75 10
6 72 6
24 24 6
11 51 1
18 14 9
13 32 5
28 19 6
1 17 5
3 69 5
32 44 3
29 1 8
2 45 5
34 70 1
8 52 3
17 19 1
11 67 10
40 58 2
24 38 4
21 35 4
10 21 1
38 61 7
15 79 10
25 21 1
27 78 8
22 32 9
7 10 9
19 34 5
13 6 8
9 11 9
16 4 6
23 23 5
18 54 9
22 56 5
12 44 8
16 24 10
2 59 2
10 72 9
37 47 3
15 78 9
32 55 6
25 12 1
1 63 3
1 29 9
40 19 5
25 58 1
13 17 8
31 7 8
31 70 3
29 9 2
21 37 5
19 57 4
32 53 6
38 22 1
29 3 2
7 76 5
36 16 3
16 49 2
15 50 2
28 32 4
30 17 2
4 14 4
38 52 7
24 3 9
11 79 8
2 59 4
15 39 6
31 21 6
14 16 6
39 71 10
38 61 1
15 5 3
4 61 7
29 80 5
11 54 8
32 29 8
5 76 10
11 47 1
30 59 6
21 77 4
25 17 2
36 42 7
20 31 10
22 66 5
10 54 5
39 2 5
17 45 2
10 55 4
26 65 4
36 6 8
32 54 2
20 12 7
22 31 3
18 47 1
21 23 2
2 72 2
39 27 8
40 57 9
4 25 2
26 43 5
23 18 2
20 27 7
24 25 6
27 20 9
24 72 10
10 69 3
25 73 8
30 61 2
39 48 6
20 79 2
2 50 6
18 35 9
36 57 3
11 63 1
34 54 4
32 71 2
6 55 1
40 21 6
7 3 6
26 38 8
19 17 4
3 62 10
7 13 4
27 54 5
6 5 7
15 50 2
8 29 5
31 70 5
34 53 7
33 20 8
13 25 4
26 11 8
28 70 2
3 45 1
34 45 1
12 35 4
19 75 5
11 50 10
13 36 10
27 78 8
33 64 10
21 59 2
40 65 7
4 54 8
2 71 5
14 48 6
15 29 9
11 18 4
24 8 3
3 36 2
34 31 8
39 57 6
28 40 6
16 33 8
16 68 9
8 64 2
12 37 2
16 24 6
38 22 9
33 64 3
35 45 9
6 46 8
29 43 5
1 54 5
14 78 2
31 16 6
8 56 4
31 46 9
29 79 8
12 25 8
6 3 4
24 2 3
39 11 3
10 36 6
10 8 6
1 71 10
21 36 9
17 68 1
34 13 1
15 64 3
12 80 7
33 61 8
37 47 8
13 23 1
15 5 9
9 76 6
16 32 1
38 71 5
31 35 4
37 18 6
2 60 6
36 78 10
25 45 8
12 61 5
20 3 8
2 25 6
40 33 3
33 21 3
26 66 7
1 13 4
34 73 6
39 53 8
5 13 5
35 20 3
36 77 2
20 34 3
35 76 9
15 2 8
27 10 1
35 69 10
21 65 1
38 3 1
16 67 7
4 27 9
4 71 3
21 65 3
10 34 3
15 74 10
40 36 9
29 49 8
27 40 6
21 9 6
13 78 3
36 18 5
32 61 9
13 32 9
13 69 3
7 41 8
27 38 8
22 55 3
