900 322 386
5 30 1
15 10 3
17 24 8
30 2 4
13 10 10
4 24 2
38 57 8
27 37 2
18 58 6
33 24 8
4 27 8
37 5 3
1 59 1
31 58 2
16 48 7
33 42 6
14 37 10
22 34 10
1 51 1
25 52 5
7 30 7
4 26 4
34 68 2
39 77 1
36 14 8
17 1 4
12 64 7
24 1 4
9 19 7
25 43 7
36 53 8
15 49 10
29 43 10
25 73 8
36 8 2
9 15 9
18 39 10
30 13 3
6 71 8
27 7 10
34 40 8
24 36 7
35 50 6
1 8 3
15 22 6
29 77 9
4 7 7
32 41 4
22 44 6
15 25 6
12 69 5
31 26 9
9 27 1
11 44 5
27 72 7
14 6 7
38 80 1
18 25 1
37 9 5
14 66 8
26 3 9
18 67 6
15 25 4
27 3 4
30 80 10
38 45 7
31 36 4
17 35 2
12 63 5
24 25 3
1 40 6
6 64 9
6 65 6
18 31 2
4 79 4
2 47 8
12 34 1
1 21 4
31 63 1
21 35 10
36 17 6
5 51 9
27 34 5
33 79 6
31 73 1
6 73 7
34 5 4
16 62 3
20 67 8
33 78 9
13 72 9
15 16 9
24 31 4
30 52 5
29 71 10
21 36 2
10 13 2
14 54 5
1 16 7
40 40 5
17 52 9
35 67 8
19 19 5
39 72 5
16 14 3
27 18 7
24 26 7
23 32 7
6 68 3
15 77 6
35 60 6
34 59 10
25 62 4
1 52 6
12 39 2
26 73 7
36 43 2
22 28 9
13 36 4
5 1 2
3 42 1
36 66 1
8 80 1
16 4 3
24 36 9
33 19 4
1 57 10
28 42 3
31 77 10
22 34 2
39 46 5
28 20 5
40 46 3
17 55 4
32 80 2
24 42 8
1 68 10
17 11 5
34 33 1
1 76 4
27 12 1
22 40 7
40 41 2
10 28 7
23 46 1
34 56 3
9 68 9
34 52 9
20 42 3
23 65 6
9 4 1
34 75 8
8 3 7
11 8 2
31 15 8
20 5 4
4 1 7
11 66 7
33 68 6
37 46 9
13 29 8
1 9 5
27 74 1
30 52 2
12 12 2
40 73 3
31 77 1
17 69 10
24 21 9
32 31 10
8 43 2
3 66 8
25 72 4
10 30 9
11 78 5
25 50 5
20 78 10
16 55 4
38 17 9
17 54 6
2 46 9
14 6 1
35 25 9
14 7 9
28 65 9
25 52 10
1 21 5
5 23 6
7 56 8
19 32 7
9 50 1
25 58 9
21 38 7
13 66 6
17 76 2
2 64 1
9 40 7
16 80 10
20 49 7
1 30 6
10 77 5
29 32 9
37 25 9
4 18 7
15 21 10
38 34 2
3 60 8
10 39 2
29 14 2
12 61 9
6 2 10
8 40 5
17 60 9
27 31 4
27 58 2
33 55 6
37 3 2
35 71 10
37 11 5
21 8 5
6 61 3
6 48 1
8 41 1
6 37 10
19 57 5
11 26 3
3 20 10
21 58 10
39 60 9
16 3 4
13 25 2
36 17 8
26 60 8
9 32 5
20 14 7
28 18 10
3 54 9
11 72 10
12 41 10
37 38 4
6 18 10
34 61 4
35 35 5
38 58 1
30 43 7
25 44 4
32 58 5
3 7 6
15 3 2
37 78 1
25 48 2
33 5 1
22 51 9
14 14 10
2 2 9
9 35 10
18 52 1
10 62 5
13 27 2
36 58 2
38 33 7
11 38 10
23 4 3
11 14 2
37 65 6
22 20 2
40 66 4
5 5 4
13 32 9
38 80 7
9 15 3
24 24 7
17 38 9
37 54 3
17 71 2
5 55 2
12 79 6
19 13 10
12 7 9
37 19 7
21 58 5
10 32 7
19 80 4
17 2 10
2 8 2
2 31 9
33 27 5
15 9 5
34 33 8
8 42 4
13 40 6
21 74 2
28 32 3
17 44 4
12 21 2
38 46 6
14 14 6
21 58 6
40 80 7
9 27 2
18 65 4
33 14 1
36 79 9
40 43 5
4 75 3
2 31 7
23 63 8
31 71 2
26 45 6
3 79 5
15 68 8
15 63 7
36 7 7
15 31 8
20 49 10
4 55 8
18 65 3
32 59 5
18 25 10
10 62 4
7 75 7
31 71 10
39 52 8
23 74 6
17 8 7
38 18 4
25 6 2
37 5 4
21 35 1
15 25 8
30 21 9
27 59 1
19 69 3
18 46 3
32 44 2
25 38 4
11 14 4
29 53 6
16 66 3
8 73 6
19 64 10
34 80 3
39 52 7
15 77 6
1 27 9
15 9 9
13 58 9
14 23 4
18 1 2
8 26 7
34 58 10
8 63 8
4 48 6
7 30 8
23 6 8
11 6 7
18 34 10
1 55 5
31 65 3
17 37 9
38 54 10
22 32 9
30 67 5
23 10 6
14 1 3
37 69 4
13 39 7
34 69 4
29 28 7
6 27 3
15 76 2
9 3 1
27 67 4
29 78 7
11 12 6
36 79 4
9 30 9
19 42 10
32 69 2
29 40 1
11 7 5
8 70 4
20 31 7
8 15 8
32 38 3
28 12 5
19 48 5
40 27 6
35 61 3
15 62 9
23 6 8
2 61 8
24 42 1
12 4 5
37 44 10
23 61 9
6 8 9
21 16 9
40 74 10
40 25 3
36 19 6
15 58 9
20 19 1
11 60 2
36 32 3
14 41 5
22 11 7
31 51 7
39 54 3
12 37 5
3 51 1
9 59 1
7 21 6
17 49 4
11 45 3
14 70 5
19 32 1
19 25 4
8 19 9
38 23 3
3 65 7
9 30 10
19 63 6
37 47 7
9 63 5
14 74 2
20 31 9
32 23 3
4 24 10
28 60 8
34 3 9
39 69 2
29 3 7
7 27 6
12 56 1
35 70 2
25 51 3
9 33 3
31 24 10
31 62 1
13 24 10
35 63 4
35 33 5
20 39 3
24 61 4
4 79 4
28 67 7
32 29 2
36 69 2
25 63 2
34 37 3
38 25 6
19 14 8
37 20 2
14 77 3
26 36 5
4 63 5
31 80 5
11 6 3
30 48 9
38 9 8
10 28 8
1 79 3
24 58 6
19 27 3
31 44 8
19 30 9
3 37 4
13 27 1
37 56 8
38 41 3
30 75 10
34 20 2
10 69 4
5 63 2
19 22 8
21 47 6
39 6 9
1 44 1
9 36 10
40 6 6
10 6 10
23 18 7
17 21 2
12 10 5
27 72 4
26 52 10
27 66 9
32 47 3
12 74 5
29 33 1
15 73 9
24 47 9
6 56 10
16 80 2
35 18 4
14 13 7
30 73 1
24 46 1
23 5 6
33 67 8
20 75 1
10 66 4
5 15 1
26 35 8
30 60 6
4 8 8
1 2 2
19 27 4
15 17 10
30 41 10
2 17 2
39 52 1
33 64 8
29 20 5
7 3 6
22 78 9
2 56 5
17 27 1
27 36 5
8 41 3
22 1 4
6 17 5
8 17 7
1 40 10
6 74 5
37 54 2
21 27 5
4 43 5
12 41 4
9 42 3
10 54 5
21 7 10
6 27 5
1 3 2
13 18 6
11 29 8
34 67 3
27 33 4
23 31 6
5 80 4
20 50 3
28 5 5
17 72 5
24 30 5
16 73 2
29 75 5
25 64 4
5 12 6
11 64 8
4 2 1
12 59 2
39 30 5
28 76 2
33 33 4
2 22 3
16 62 4
14 50 10
28 15 1
14 69 1
11 67 7
39 68 5
18 46 7
35 17 5
38 77 3
33 7 6
12 64 10
37 70 9
21 46 10
31 28 10
21 47 2
28 46 5
29 76 6
38 72 7
35 16 2
30 19 5
31 31 3
8 35 7
37 6 8
38 12 5
24 7 3
23 61 9
29 33 6
24 3 6
33 24 3
12 63 1
6 9 3
26 11 8
6 78 8
14 60 9
7 73 6
4 66 5
36 22 7
8 55 3
6 51 7
12 50 1
3 11 5
7 65 6
4 19 6
36 58 9
5 80 9
28 37 9
18 47 1
11 23 6
13 47 7
31 68 3
20 73 9
36 20 5
10 47 4
19 54 9
10 65 9
35 1 2
32 28 3
16 26 7
25 76 3
21 3 8
15 80 6
11 80 1
19 5 10
2 22 3
15 9 2
10 32 4
13 71 2
24 64 10
10 36 2
9 42 3
23 59 6
39 1 8
1 58 1
8 34 9
33 40 2
2 58 3
27 68 1
19 74 3
22 56 6
1 8 6
35 66 5
8 76 4
18 22 4
31 15 1
34 73 10
31 47 5
18 16 7
10 34 2
34 79 10
22 63 3
34 30 1
37 8 1
39 59 7
29 57 4
28 15 1
40 63 5
35 30 8
28 3 8
36 65 2
26 70 3
1 4 9
37 16 1
23 77 1
29 3 1
27 20 3
23 15 2
34 29 2
16 2 7
33 64 10
30 39 2
35 20 9
30 16 7
24 29 10
40 59 8
30 16 6
31 29 4
26 17 8
2 17 8
30 51 6
4 18 2
6 48 4
3 49 6
7 36 7
10 14 10
4 5 7
21 53 10
14 38 2
37 29 9
20 40 9
18 13 4
3 74 1
8 13 9
11 32 10
31 69 8
14 53 9
27 22 6
1 22 5
25 37 2
5 57 7
3 15 7
2 51 7
15 75 5
22 19 10
10 56 3
2 4 2
14 40 7
26 26 3
24 45 2
14 44 2
38 66 5
35 10 8
11 27 7
1 22 5
3 31 1
35 28 6
19 44 8
6 57 8
27 52 1
24 42 6
25 3 5
36 57 9
31 43 3
7 62 1
5 60 5
34 53 9
19 8 6
21 58 3
32 12 7
18 62 8
27 53 10
29 64 3
34 63 10
2 66 5
40 9 2
4 15 7
17 64 3
21 26 8
2 22 5
34 10 5
5 46 9
33 8 8
3 32 5
20 7 6
7 44 4
10 21 6
24 27 4
40 35 8
5 78 10
33 14 2
22 70 1
39 38 1
21 59 1
34 62 2
9 40 7
35 25 1
29 32 1
23 10 3
33 5 7
18 77 6
11 45 9
10 27 5
16 76 7
11 72 5
30 3 6
36 35 10
33 5 10
16 30 8
35 66 7
7 72 1
10 32 3
21 53 3
35 1 3
6 53 2
19 11 6
32 57 8
28 41 5
20 55 8
34 47 3
28 73 4
7 10 7
30 73 1
31 4 6
27 63 4
39 31 2
13 13 1
35 10 6
30 73 5
33 70 6
7 46 1
11 36 6
38 69 3
4 65 2
38 55 2
9 44 9
13 68 6
1 20 7
25 49 7
17 62 6
24 77 9
23 41 6
1 28 7
34 40 2
13 13 9
36 19 3
8 50 10
23 18 2
18 34 5
4 67 6
22 68 10
2 63 1
23 30 6
25 15 9
9 20 3
40 67 1
36 80 10
21 2 9
18 5 5
13 56 6
25 34 10
34 77 8
10 31 4
9 6 7
3 68 8
24 72 1
16 60 6
32 15 4
36 44 10
8 52 3
17 15 4
29 61 9
34 66 8
27 64 1
30 42 8
7 69 4
27 12 4
26 45 8
26 71 5
29 27 10
27 65 3
30 17 7
14 10 4
29 7 10
27 80 9
22 68 2
19 15 10
33 67 7
15 65 5
20 65 7
19 69 1
39 18 8
35 10 4
5 41 8
16 72 3
38 13 2
3 31 10
4 78 2
14 19 6
18 51 6
30 40 9
18 21 5
33 39 8
1 41 3
28 29 8
31 69 1
37 14 6
27 31 4
6 34 1
34 7 1
2 42 5
12 38 1
23 60 10
3 61 9
37 23 1
14 61 9
26 50 7
29 18 6
7 2 6
12 50 9
6 32 1
23 23 10
15 6 7
36 48 6
26 42 6
7 20 7
14 26 8
37 64 1
32 32 1
25 13 7
9 57 3
11 44 6
11 4 2
25 57 5
17 49 2
12 23 4
33 12 7
39 8 3
2 34 1
38 34 1
12 45 8
1 21 5
18 32 2
36 64 7
5 11 9
1 2 6
