900 225 564
8 9 7
20 39 9
40 65 1
11 46 8
6 15 2
29 49 7
20 53 5
19 53 2
40 8 1
18 5 1
14 29 7
1 4 2
33 53 8
26 47 8
8 41 2
33 77 9
2 80 5
29 4 3
25 74 2
39 23 4
1 57 1
37 34 6
2 53 10
17 69 2
35 50 8
30 8 9
25 61 3
40 69 4
18 52 10
29 21 8
39 51 3
39 2 3
1 74 10
8 3 7
26 33 6
39 36 5
4 66 2
32 24 6
36 61 4
21 15 9
39 60 1
14 41 3
36 54 6
28 24 3
37 24 1
37 32 10
18 41 5
28 46 4
37 2 8
38 61 9
17 76 10
18 40 4
13 4 8
32 43 3
7 62 2
16 64 7
8 14 3
14 30 8
19 43 5
34 39 4
37 33 2
35 6 6
18 45 10
2 36 10
29 61 2
20 51 7
40 8 7
20 65 8
9 49 10
12 24 6
32 70 9
11 69 1
5 21 9
2 48 4
6 42 4
14 18 6
27 76 2
22 3 9
40 51 9
26 74 8
22 74 9
40 62 6
30 16 5
1 17 6
11 65 9
34 2 3
31 52 9
31 35 3
38 36 4
35 14 10
36 47 10
38 38 9
20 3 1
9 14 7
29 42 8
29 25 5
34 25 3
22 35 2
4 18 4
19 38 3
40 32 2
20 64 8
11 48 3
26 39 8
35 43 2
40 42 7
13 12 7
5 40 7
13 38 10
18 1 7
34 43 3
12 71 8
36 75 9
27 49 7
38 2 10
9 59 1
31 1 10
19 6 10
32 30 6
39 70 3
29 65 3
23 18 7
14 12 2
16 79 5
25 18 8
2 35 8
23 48 3
24 33 8
20 1 1
6 36 2
35 65 7
25 55 5
26 17 3
29 76 7
28 79 10
10 54 5
28 7 8
30 40 3
2 31 3
5 27 5
9 3 8
12 30 8
6 65 8
34 64 8
4 68 7
37 75 4
32 10 9
17 31 7
11 13 1
9 10 2
14 11 2
8 73 7
21 76 10
40 72 4
11 7 10
10 63 9
13 20 5
15 25 6
32 5 7
29 27 6
8 56 6
27 47 8
11 15 8
6 80 4
40 36 7
9 34 2
22 71 1
33 4 7
17 21 1
17 79 8
35 77 9
25 49 3
25 31 8
1 51 7
32 73 2
12 29 4
18 25 1
37 64 2
31 47 8
6 9 8
13 42 5
33 25 10
12 42 8
6 13 10
2 63 5
30 20 6
8 43 1
40 69 6
33 75 5
12 66 4
8 67 9
28 60 9
34 24 10
40 6 10
28 10 3
25 16 3
11 66 3
19 49 8
37 22 3
25 55 3
35 62 9
16 1 6
14 19 3
32 54 5
27 19 3
27 32 2
15 43 4
28 63 3
37 62 10
6 45 4
40 22 9
5 60 2
40 51 7
2 64 2
19 36 7
15 56 5
1 65 3
39 13 2
11 21 5
8 20 5
30 32 9
10 56 9
13 27 3
15 79 1
15 29 8
35 39 7
18 1 10
22 30 3
2 36 8
18 27 10
35 74 7
22 80 6
21 52 3
16 75 1
28 66 7
2 14 8
16 26 6
20 11 2
20 2 4
29 37 7
22 66 8
34 37 4
12 62 3
13 78 5
36 59 5
9 11 5
29 23 3
21 11 10
36 49 1
24 21 9
21 4 4
16 27 8
19 57 10
15 49 5
8 68 3
21 52 6
5 52 5
31 43 3
31 60 4
32 59 6
10 24 2
33 25 6
6 14 10
12 5 9
20 55 8
30 65 2
25 68 6
28 48 2
33 25 2
29 2 1
5 73 2
31 42 3
31 2 8
8 42 4
6 36 10
30 31 10
24 48 6
23 71 3
15 14 3
18 52 7
29 40 2
12 40 7
8 69 7
20 3 2
40 12 6
26 53 7
14 40 10
16 51 6
15 73 10
8 37 3
17 25 2
16 71 4
2 10 9
15 40 7
26 33 8
21 72 7
29 13 2
40 47 7
28 49 1
15 46 3
34 14 10
21 77 4
26 12 4
22 23 5
8 57 2
31 71 9
35 74 3
38 2 4
34 40 6
8 35 7
2 30 8
18 62 10
27 51 6
18 36 3
36 32 6
35 72 2
11 6 8
16 29 9
36 61 5
3 33 2
20 78 9
34 8 2
15 62 8
6 47 2
36 42 10
5 71 5
17 37 10
31 31 5
39 32 5
12 28 4
40 46 9
1 40 10
5 5 9
32 24 5
2 16 9
28 42 5
1 32 9
25 66 1
32 68 9
40 76 1
38 24 3
24 10 5
21 74 6
32 6 8
35 67 1
22 39 3
4 56 9
30 13 2
29 67 8
33 9 1
29 72 6
14 66 10
23 27 8
18 41 1
23 41 6
40 14 10
30 64 3
19 69 9
17 8 1
31 7 4
36 9 10
9 39 1
36 61 5
34 55 5
36 58 7
35 36 1
17 30 10
1 16 6
31 12 9
9 69 2
4 80 8
13 57 9
3 47 9
7 33 5
34 16 3
33 16 1
14 13 8
38 2 9
39 78 8
26 22 3
23 11 7
8 54 3
8 29 1
20 36 10
35 66 9
38 15 7
13 52 9
12 78 2
33 33 4
5 70 1
13 58 8
3 68 3
33 45 9
2 80 2
40 11 7
30 80 2
25 35 4
27 62 3
3 39 7
25 47 1
6 52 8
17 79 6
35 33 7
3 67 1
15 63 6
28 49 7
39 13 5
37 51 4
23 25 1
27 23 5
29 16 1
21 27 9
27 14 1
32 26 5
7 75 1
23 45 6
15 35 5
35 45 10
24 9 3
1 1 5
2 7 1
36 2 4
39 22 7
11 63 10
32 34 10
8 44 8
40 6 8
38 65 2
13 38 2
35 49 10
25 62 7
20 19 2
2 34 2
19 72 8
13 52 8
39 13 5
38 14 10
37 62 6
10 44 2
35 46 6
12 35 5
12 9 7
28 62 8
2 4 6
6 18 8
14 64 1
18 73 9
21 53 8
20 20 3
25 66 7
35 74 3
10 31 4
17 77 10
38 36 10
10 71 9
16 4 4
37 47 4
14 79 1
34 65 3
35 75 2
31 20 4
37 59 4
21 37 9
19 50 5
30 30 1
18 23 8
37 78 7
39 26 5
22 42 3
19 17 4
29 64 2
36 69 2
31 25 6
14 64 8
40 36 1
7 26 2
39 61 9
10 62 4
17 10 10
23 78 3
40 74 5
26 32 10
27 38 1
1 25 4
19 27 2
9 54 5
32 31 9
33 55 9
23 14 1
12 2 9
20 40 3
17 36 9
29 78 1
21 48 8
2 26 1
13 73 7
16 15 10
22 80 5
8 61 10
6 11 3
5 18 9
13 52 9
16 5 4
39 64 9
5 39 3
20 39 5
1 22 2
14 22 9
10 48 10
25 38 3
27 30 9
1 53 4
38 58 6
8 17 9
34 63 10
22 51 10
32 26 8
19 28 4
11 39 7
40 36 1
23 15 10
35 78 5
8 15 8
35 27 7
29 47 7
3 4 2
39 80 6
9 43 4
22 47 4
9 56 6
10 30 4
22 75 5
12 72 1
23 23 10
12 52 8
28 59 8
22 7 5
36 21 7
24 3 3
12 15 4
15 76 8
33 25 10
32 18 5
15 52 6
21 73 10
16 78 8
28 37 6
33 75 5
5 19 9
21 32 3
31 43 9
33 43 1
35 64 4
25 27 5
6 27 8
21 43 6
28 49 1
22 33 4
3 51 9
15 20 4
29 25 6
5 61 4
20 35 3
28 55 3
19 15 10
13 72 10
19 50 7
24 3 4
19 53 1
25 46 7
33 56 8
12 48 1
26 10 6
2 28 1
34 3 8
29 23 7
24 47 6
2 52 6
14 21 7
3 66 7
5 69 4
38 50 4
26 11 6
15 74 3
27 2 4
19 57 2
16 79 3
40 27 3
5 55 1
15 26 3
30 19 4
29 24 10
12 61 8
34 21 3
12 71 9
28 72 5
28 70 6
20 26 9
10 58 6
4 25 1
8 55 7
23 9 1
4 75 8
37 11 3
21 64 8
37 61 4
37 59 8
34 1 8
17 1 5
29 56 3
38 65 4
18 31 10
39 10 5
33 38 6
28 19 10
10 19 3
36 57 3
11 73 6
9 3 1
17 15 7
3 36 9
10 60 7
1 27 5
1 26 8
23 54 9
26 25 5
21 75 9
10 74 9
39 2 8
13 79 1
24 22 8
7 20 9
30 70 8
31 40 9
40 2 10
17 44 5
28 72 10
28 47 10
7 67 8
26 68 1
22 3 3
32 34 2
22 43 6
6 13 7
27 3 9
27 80 4
27 13 8
35 21 3
10 20 3
10 8 7
7 7 6
37 36 2
13 62 6
28 37 8
18 13 10
40 77 2
15 32 6
6 11 1
12 78 1
28 67 7
21 47 8
36 76 9
17 9 7
22 9 2
38 12 8
32 37 6
9 36 5
26 41 1
22 40 7
32 42 2
15 46 3
25 78 1
22 41 10
2 20 10
13 41 3
16 64 2
4 59 9
33 40 4
18 41 5
2 77 8
9 10 4
22 53 1
15 22 5
24 7 5
5 30 7
35 73 9
29 70 3
7 77 10
14 19 8
32 55 8
24 66 4
26 57 3
31 71 6
3 56 5
8 45 2
17 61 10
8 37 9
36 32 2
29 45 1
24 67 2
20 29 1
4 60 5
3 13 2
38 24 1
15 50 6
18 2 6
7 12 1
38 25 4
6 64 2
1 16 8
40 6 10
18 51 9
3 42 10
8 3 2
31 12 6
10 1 1
9 3 8
14 76 6
3 12 7
24 80 3
6 8 10
34 1 4
31 27 10
4 27 10
22 53 5
2 47 9
9 47 4
19 47 2
20 54 2
40 28 7
12 70 9
40 58 4
16 70 10
24 59 9
16 49 1
9 23 2
40 66 10
1 23 7
25 13 3
33 31 6
1 23 10
33 21 7
4 34 5
31 37 2
34 27 5
7 10 6
8 4 9
40 63 3
37 30 9
28 27 4
9 16 3
7 24 1
35 73 4
37 80 6
34 5 1
26 51 6
29 50 6
11 12 4
6 6 5
22 36 9
38 12 5
25 9 9
15 17 5
8 51 1
27 4 6
38 55 7
39 68 4
20 70 2
6 16 1
40 30 5
10 6 9
8 24 9
22 58 1
15 45 9
38 5 4
11 14 4
35 76 4
1 7 8
34 64 3
40 13 6
19 53 6
22 13 1
33 44 7
26 26 9
6 53 10
14 43 10
31 20 1
36 43 7
36 32 4
2 11 3
25 13 3
18 77 6
7 18 10
13 80 6
17 8 8
35 46 6
36 41 1
11 5 8
29 48 9
9 50 3
14 75 9
27 63 9
13 34 8
5 11 3
37 31 7
3 37 3
24 24 2
8 4 8
38 71 8
23 22 6
15 71 9
38 27 9
38 78 3
34 33 6
10 22 10
32 22 1
23 65 3
4 75 4
32 79 5
23 14 4
6 43 6
3 49 10
37 36 7
21 21 5
15 69 9
5 17 3
33 40 5
27 22 10
11 63 4
26 25 8
30 35 7
18 23 4
25 13 9
6 19 7
24 75 9
40 41 4
37 16 5
16 16 3
38 79 10
27 58 4
3 61 9
27 35 4
40 13 3
26 48 9
40 78 6
21 14 9
2 38 10
15 35 8
8 73 6
18 28 1
1 72 2
14 1 2
6 43 6
30 3 4
9 16 9
34 35 7
17 51 8
27 56 2
23 29 5
28 70 5
13 3 2
22 79 4
23 59 7
18 25 8
20 42 9
27 70 3
3 36 8
7 59 5
13 46 4
21 52 3
38 30 3
25 58 10
40 65 9
27 79 7
8 17 3
13 62 4
2 65 10
22 51 5
18 51 7
40 61 4
40 3 5
17 34 10
31 79 9
21 79 8
14 78 2
35 25 8
3 12 9
32 44 4
2 60 10
21 76 8
36 54 9
21 74 4
18 50 10
31 23 4
31 58 7
39 3 2
24 25 6
33 9 2
40 48 5
38 46 8
